"","abslat","urban2","Slope","conf.low","conf.high","p.value"
"1","slope","Urban",-0.0296326443120368,-0.0355265556967613,-0.0237387329273122,7.58641262655442e-23
"2","slope","Natural",-0.0667780367074637,-0.0717747633944422,-0.0617813100204852,3.78542021353351e-148
"3","slope","Suburban",-0.043265284317742,-0.047998350042888,-0.0385322185925961,4.23320643173184e-71
"4","slope","Urban",-0.0288062635946795,-0.0347046393739936,-0.0229078878153655,1.18945490321309e-21
"5","slope","Natural",-0.0687560400915492,-0.0737592428185685,-0.0637528373645299,2.38176344366974e-156
"6","slope","Suburban",-0.0439797445202376,-0.0487164558724571,-0.0392430331680181,2.84114337483564e-73
"7","slope","Urban",-0.030641778863732,-0.0365327588114668,-0.0247507989159972,2.46391456829124e-24
"8","slope","Natural",-0.0681547968733678,-0.0731503047827861,-0.0631592889639496,3.5387580575428e-154
"9","slope","Suburban",-0.0413220665283211,-0.0460519027892946,-0.0365922302673475,3.69191484610041e-65
"10","slope","Urban",-0.0318753054068968,-0.0377966292061553,-0.0259539816076384,6.07505839562368e-26
"11","slope","Natural",-0.0689245229158485,-0.0739476271449826,-0.0639014186867144,6.85279259342266e-156
"12","slope","Suburban",-0.0414914466459336,-0.0462469529569329,-0.0367359403349343,5.40673784867618e-65
"13","slope","Urban",-0.030051035697506,-0.0359527877562927,-0.0241492836387193,2.16690472315782e-23
"14","slope","Natural",-0.0696201999070915,-0.0746258319118118,-0.0646145679023711,5.1387308894233e-160
"15","slope","Suburban",-0.0427694258171929,-0.0475084723740941,-0.0380303792602916,2.28384954687082e-69
"16","slope","Urban",-0.0268311392252295,-0.0327301890391471,-0.0209320894113118,5.37715004303019e-19
"17","slope","Natural",-0.0683212571963848,-0.0733243711491326,-0.0633181432436369,1.88481605847837e-154
"18","slope","Suburban",-0.0421818330146233,-0.0469195826014221,-0.0374440834278245,1.40666767783327e-67
"19","slope","Urban",-0.0267526569587805,-0.0326435177558261,-0.0208617961617349,6.08172970334434e-19
"20","slope","Natural",-0.0676066241909237,-0.0726038682775538,-0.0626093801042937,1.08897158703761e-151
"21","slope","Suburban",-0.0423632078487085,-0.0470969482375732,-0.0376294674598437,2.99116992045263e-68
"22","slope","Urban",-0.028113455128615,-0.0340118869451269,-0.0222150233121031,1.0626951239698e-20
"23","slope","Natural",-0.0677380741647506,-0.0727409464037064,-0.0627352019257949,6.27330543074504e-152
"24","slope","Suburban",-0.0430821567498914,-0.0478176878861667,-0.0383466256136161,1.89096282077259e-70
"25","slope","Urban",-0.0299510258378247,-0.0358637256852421,-0.0240383259904074,3.62992607922722e-23
"26","slope","Natural",-0.0680683439470606,-0.0730823836884886,-0.0630543042056326,1.05326711423689e-152
"27","slope","Suburban",-0.0428311517714783,-0.0475768354124441,-0.0380854681305125,2.25404713745634e-69
"28","slope","Urban",-0.0272501946075537,-0.0331505238217637,-0.0213498653933437,1.55297958568797e-19
"29","slope","Natural",-0.0685014483445532,-0.0735062719469914,-0.063496624742115,3.89244158688869e-155
"30","slope","Suburban",-0.041868968332807,-0.0466075448829945,-0.0371303917826195,1.35868470023851e-66
"31","slope","Urban",-0.0261129275257091,-0.0319916217595051,-0.0202342332919131,3.42709265122808e-18
"32","slope","Natural",-0.0678249917403374,-0.0728109671039305,-0.0628390163767444,2.64385793510013e-153
"33","slope","Suburban",-0.0420245243934778,-0.0467454316295264,-0.0373036171574291,1.48257495528069e-67
"34","slope","Urban",-0.0342982418883569,-0.0402115929852968,-0.028384890791417,7.76627244511797e-30
"35","slope","Natural",-0.0684679075291903,-0.0734831921926749,-0.0634526228657057,2.2940675113819e-154
"36","slope","Suburban",-0.0439573769073831,-0.0487080416681376,-0.0392067121466286,8.70212860912926e-73
"37","slope","Urban",-0.0312524456965624,-0.0371631627693007,-0.0253417286238242,4.340179920035e-25
"38","slope","Natural",-0.0677536931763266,-0.0727631848812889,-0.0627442014713643,1.31079377309413e-151
"39","slope","Suburban",-0.0429888719714411,-0.047734859172683,-0.0382428847701991,7.38292546968263e-70
"40","slope","Urban",-0.0296662398437024,-0.0355663302301076,-0.0237661494572973,7.52359137290158e-23
"41","slope","Natural",-0.0682776880075185,-0.0732811277960236,-0.0632742482190135,3.05375059848412e-154
"42","slope","Suburban",-0.0430887451024369,-0.0478290219317362,-0.0383484682731376,2.46514544670779e-70
"43","slope","Urban",-0.0268892979174937,-0.0328014848399387,-0.0209771109950487,5.40272784071334e-19
"44","slope","Natural",-0.0671050872469561,-0.0721183386928608,-0.0620918358010514,1.33063183656542e-148
"45","slope","Suburban",-0.0421383098355076,-0.046885891376419,-0.0373907282945963,3.55945422010296e-67
"46","slope","Urban",-0.0279187861987278,-0.0338477798367712,-0.0219897925606844,3.03992883079172e-20
"47","slope","Natural",-0.0684523465222088,-0.0734787724108669,-0.0634259206335506,1.22516258871664e-153
"48","slope","Suburban",-0.0431744714402422,-0.0479351042768269,-0.0384138386036576,5.04399311998341e-70
"49","slope","Urban",-0.0302408313036902,-0.0361791399010715,-0.0243025227063089,2.14086201299364e-23
"50","slope","Natural",-0.0674548769665418,-0.0724908461323141,-0.0624189078007694,8.49883949932337e-149
"51","slope","Suburban",-0.0422084663535794,-0.0469763617307805,-0.0374405709763784,7.72438044925835e-67
"52","slope","Urban",-0.0289754830665825,-0.0348681631093997,-0.0230828030237653,6.31852194717647e-22
"53","slope","Natural",-0.0691975106747953,-0.0741951852413611,-0.0641998361082296,1.2435950989813e-158
"54","slope","Suburban",-0.0430585186164497,-0.0477898555036304,-0.038327181729269,1.70157912429887e-70
"55","slope","Urban",-0.0293333872776342,-0.0352199819925124,-0.023446792562756,1.7946637432367e-22
"56","slope","Natural",-0.0689826968441592,-0.0739759482686978,-0.0639894454196206,5.94714620545729e-158
"57","slope","Suburban",-0.0435976653952786,-0.0483247996895088,-0.0388705311010483,2.48156277010877e-72
"58","slope","Urban",-0.0268320671004833,-0.0327221037234558,-0.0209420304775108,4.74349602501437e-19
"59","slope","Natural",-0.0681429330900012,-0.0731368973613364,-0.0631489688186661,3.22595134943014e-154
"60","slope","Suburban",-0.0421366169226459,-0.0468656330496214,-0.0374076007956703,1.11558780181177e-67
"61","slope","Urban",-0.0298565535799241,-0.0358036898334752,-0.023909417326373,8.7471556941606e-23
"62","slope","Natural",-0.0677269377575641,-0.0727687404929997,-0.0626851350221285,1.2670990449549e-149
"63","slope","Suburban",-0.0435614642847167,-0.0483362746663476,-0.0387866539030858,7.84758316536134e-71
"64","slope","Urban",-0.0295326469545639,-0.0354487086460528,-0.023616585263075,1.51328497311723e-22
"65","slope","Natural",-0.0680831304852673,-0.0730981668830532,-0.0630680940874814,1.03967419903428e-152
"66","slope","Suburban",-0.0428777808798004,-0.0476299423789263,-0.0381256193806744,2.4537159018954e-69
"67","slope","Urban",-0.0293665197340538,-0.0352855421448265,-0.0234474973232811,2.72159196306771e-22
"68","slope","Natural",-0.0683380452092397,-0.0733577710142313,-0.0633183194042481,1.54190054971239e-153
"69","slope","Suburban",-0.0431202458363647,-0.0478740787276898,-0.0383664129450397,4.77993296746006e-70
"70","slope","Urban",-0.0276018193933123,-0.0335099916260214,-0.0216936471606032,5.95210203359215e-20
"71","slope","Natural",-0.0679904075508504,-0.0730014772880676,-0.0629793378136333,1.53246936895089e-152
"72","slope","Suburban",-0.0417906896187276,-0.0465364317727853,-0.0370449474646698,3.678077713575e-66
"73","slope","Urban",-0.0293281460454665,-0.0352073898917898,-0.0234489021991433,1.61947372440359e-22
"74","slope","Natural",-0.0679369841190948,-0.0729235081704978,-0.0629504600676917,9.23519229005158e-154
"75","slope","Suburban",-0.0425131481503583,-0.0472348140904648,-0.0377914822102519,4.68042342431984e-69
"76","slope","Urban",-0.0298372893652734,-0.0357509760936493,-0.0239236026368975,5.36930548457612e-23
"77","slope","Natural",-0.068291074975205,-0.0733070368703145,-0.0632751130800955,1.47811503526051e-153
"78","slope","Suburban",-0.0413277520420546,-0.0460779951212497,-0.0365775089628594,1.22511966497349e-64
"79","slope","Urban",-0.0289945209614438,-0.0348910556096152,-0.0230979863132725,6.31676221435118e-22
"80","slope","Natural",-0.0683235409265021,-0.0733249962998805,-0.0633220855531237,1.46676345390403e-154
"81","slope","Suburban",-0.0427889603415541,-0.0475234047857375,-0.0380545158973707,1.47016414336399e-69
"82","slope","Urban",-0.03041356262131,-0.036286091371958,-0.0245410338706621,3.86575415879162e-24
"83","slope","Natural",-0.0673729641767297,-0.0723539500428974,-0.062391978310562,1.24856334851754e-151
"84","slope","Suburban",-0.0421877641417323,-0.04690407514974,-0.0374714531337245,3.43916973266328e-68
"85","slope","Urban",-0.029100134794713,-0.0350036321655839,-0.0231966374238422,5.02007161471693e-22
"86","slope","Natural",-0.0668033761515957,-0.071807554776587,-0.0617991975266045,7.868984098016e-148
"87","slope","Suburban",-0.0426595276663439,-0.0473989387930151,-0.0379201165396726,5.1535430507568e-69
"88","slope","Urban",-0.0285662884503862,-0.034480825502639,-0.0226517513981333,3.26998474112089e-21
"89","slope","Natural",-0.0676320580700512,-0.0726471626355658,-0.0626169535045367,9.31753061847187e-151
"90","slope","Suburban",-0.0412026643472072,-0.0459501919521935,-0.036455136742221,2.4750943073636e-64
"91","slope","Urban",-0.030004917411183,-0.0359050354488329,-0.024104799373533,2.45713483150246e-23
"92","slope","Natural",-0.0673075001343697,-0.0723114101174104,-0.062303590151329,5.21640885034785e-150
"93","slope","Suburban",-0.0415899103197479,-0.0463284437363274,-0.0368513769031685,9.64593143936181e-66
"94","slope","Urban",-0.0296410560370803,-0.0355594297267718,-0.0237226823473889,1.10355412157781e-22
"95","slope","Natural",-0.0682710417757637,-0.0732895380961265,-0.0632525454554008,2.54772722967666e-153
"96","slope","Suburban",-0.0426087291892944,-0.0473623111429589,-0.03785514723563,1.84293718126704e-68
"97","slope","Urban",-0.0309177122684266,-0.0368310642940456,-0.0250043602428077,1.43269346087394e-24
"98","slope","Natural",-0.0682815507209172,-0.0732954122993622,-0.0632676891424722,1.22135374207727e-153
"99","slope","Suburban",-0.0424035733795285,-0.0471522410233629,-0.0376549057356942,5.80894288236441e-68
"100","slope","Urban",-0.0319650978450705,-0.0378502911752869,-0.026079904514854,2.22307712248732e-26
"101","slope","Natural",-0.0676655967139124,-0.0726585957678518,-0.062672597659973,3.40026699073656e-152
"102","slope","Suburban",-0.0428696051212692,-0.047596232729584,-0.0381429775129544,4.91606757449701e-70
"103","slope","Urban",-0.027483648780195,-0.0333796462510605,-0.0215876513093294,7.18026864531082e-20
"104","slope","Natural",-0.0676997675844725,-0.0727004366124408,-0.0626990985565042,6.8269793664546e-152
"105","slope","Suburban",-0.0421439947259944,-0.0468774484538691,-0.0374105409981198,1.40269937010937e-67
"106","slope","Urban",-0.0288719377972311,-0.0347733349319023,-0.0229705406625599,1.01072251364576e-21
"107","slope","Natural",-0.0681130232819257,-0.0731171548573697,-0.0631088917064817,1.75241018974488e-153
"108","slope","Suburban",-0.0431872398266824,-0.0479261478697891,-0.0384483317835757,1.1020051636607e-70
"109","slope","Urban",-0.0308278505741031,-0.0367402363326706,-0.0249154648155356,1.91193387832901e-24
"110","slope","Natural",-0.0677539561462433,-0.0727683962261399,-0.0627395160663467,2.54135102578215e-151
"111","slope","Suburban",-0.0414554463812702,-0.0462026160343868,-0.0367082767281535,4.18665110728159e-65
"112","slope","Urban",-0.0296230158034164,-0.035528350995125,-0.0237176806117078,9.45333427015276e-23
"113","slope","Natural",-0.0680074354641317,-0.073016213002373,-0.0629986579258905,9.47691846740219e-153
"114","slope","Suburban",-0.0441197373658486,-0.0488614898208033,-0.039377984910894,1.42554755034856e-73
"115","slope","Urban",-0.0288872338735215,-0.0347848422253843,-0.0229896255216587,9.06865216116713e-22
"116","slope","Natural",-0.0683531795053425,-0.0733539799112069,-0.0633523790994781,9.94763850542709e-155
"117","slope","Suburban",-0.0439157356122506,-0.0486516829230052,-0.039179788301496,4.32862182797492e-73
"118","slope","Urban",-0.0274105119003686,-0.0333117510395083,-0.0215092727612289,9.66824807210826e-20
"119","slope","Natural",-0.0667218732811612,-0.0717266773955877,-0.0617170691667347,1.90375625833597e-147
"120","slope","Suburban",-0.0422921946105189,-0.0470302230809897,-0.0375541661400481,6.52748295939008e-68
"121","slope","Urban",-0.0322915891846219,-0.038201036393658,-0.0263821419755857,1.11407235234948e-26
"122","slope","Natural",-0.0672590811015494,-0.0722700368203749,-0.0622481253827238,2.14982872109186e-149
"123","slope","Suburban",-0.0409961950245497,-0.0457421103013752,-0.0362502797477242,9.35729650016171e-64
"124","slope","Urban",-0.0278053106253635,-0.0337203292400322,-0.0218902920106948,3.51981468056304e-20
"125","slope","Natural",-0.0677390620955892,-0.0727565284475305,-0.062721595743648,4.42265594414328e-151
"126","slope","Suburban",-0.0431159591415859,-0.0478640399980056,-0.0383678782851662,3.38228555111825e-70
"127","slope","Urban",-0.0246124111900967,-0.030521219957317,-0.0187036024228765,3.46234017167301e-16
"128","slope","Natural",-0.0681676693023259,-0.0731802367603358,-0.0631551018443161,3.19880388068182e-153
"129","slope","Suburban",-0.0423031474096058,-0.0470498508431764,-0.0375564439760352,1.0471109783596e-67
"130","slope","Urban",-0.0288379643723908,-0.0347337791879697,-0.0229421495568119,1.03251786898926e-21
"131","slope","Natural",-0.0684521958715034,-0.0734513355565421,-0.0634530561864646,2.9175209766562e-155
"132","slope","Suburban",-0.0432036019830183,-0.047939083480585,-0.0384681204854516,7.79393480836002e-71
"133","slope","Urban",-0.0295255273281138,-0.0354448120833232,-0.0236062425729045,1.63194693890111e-22
"134","slope","Natural",-0.0676848033153787,-0.072705917574338,-0.0626636890564194,1.23252054980586e-150
"135","slope","Suburban",-0.0437292141056167,-0.0484829729629025,-0.0389754552483308,5.715265774388e-72
"136","slope","Urban",-0.0304780416030519,-0.0363809994782423,-0.0245750837278616,5.29373834451754e-24
"137","slope","Natural",-0.0682637276776809,-0.0732689853036472,-0.0632584700517146,4.50672764706816e-154
"138","slope","Suburban",-0.0420851192206862,-0.0468254388622185,-0.037344799579154,3.28643220049304e-67
"139","slope","Urban",-0.0312815078151997,-0.0371982509773983,-0.0253647646530011,4.38216437614707e-25
"140","slope","Natural",-0.068952220520932,-0.0739690910530476,-0.0639353499888165,2.18938761600362e-156
"141","slope","Suburban",-0.0438907341133823,-0.04864206832685,-0.0391393998999146,1.48603451030593e-72
"142","slope","Urban",-0.030966847677045,-0.0368501914767115,-0.0250835038773786,7.05974277654351e-25
"143","slope","Natural",-0.0685208619096995,-0.0735121362203518,-0.0635295875990472,4.90202379697375e-156
"144","slope","Suburban",-0.0433327868855408,-0.0480581711993716,-0.0386074025717099,1.5446736486129e-71
"145","slope","Urban",-0.028814273833226,-0.0346958468096502,-0.0229327008568018,8.90729738605444e-22
"146","slope","Natural",-0.0675688873229342,-0.072557919496986,-0.0625798551488825,5.22637520068473e-152
"147","slope","Suburban",-0.0420578684081512,-0.0467844686500994,-0.0373312681662029,1.67726407399929e-67
"148","slope","Urban",-0.02962905626343,-0.0354966477058751,-0.0237614648209848,4.95270505717882e-23
"149","slope","Natural",-0.0681306222804888,-0.0731047911339845,-0.0631564534269931,2.37372941200827e-155
"150","slope","Suburban",-0.0407357526300552,-0.0454474831485009,-0.0360240221116094,7.34509433343969e-64
"151","slope","Urban",-0.0300281690839109,-0.0359311907000407,-0.024125147467781,2.3888492476211e-23
"152","slope","Natural",-0.068230559633357,-0.0732377348390574,-0.0632233844276566,8.17409260435828e-154
"153","slope","Suburban",-0.0426729429728056,-0.0474124385280956,-0.0379334474175157,4.70580373154021e-69
"154","slope","Urban",-0.0314343884596012,-0.0373328693065051,-0.0255359076126972,1.84620976233647e-25
"155","slope","Natural",-0.0682543851324191,-0.0732588445284528,-0.0632499257363853,4.43741179234657e-154
"156","slope","Suburban",-0.0407934080413369,-0.0455284087093331,-0.0360584073733407,1.97861007754238e-63
"157","slope","Urban",-0.0297983663963966,-0.0357052573188874,-0.0238914754739057,5.45187060967979e-23
"158","slope","Natural",-0.067777365459595,-0.0727860859579376,-0.0627686449612524,9.3299830966469e-152
"159","slope","Suburban",-0.0423966806442156,-0.0471397389944554,-0.0376536222939758,4.26979977387595e-68
"160","slope","Urban",-0.0281219528342331,-0.0340411465683213,-0.0222027591001449,1.40751218820265e-20
"161","slope","Natural",-0.067962512289518,-0.072982177731354,-0.0629428468476819,6.45639848773823e-152
"162","slope","Suburban",-0.0426283956657018,-0.0473814057427805,-0.037875385588623,1.54418469610825e-68
"163","slope","Urban",-0.0274455160008274,-0.0333585029472433,-0.0215325290544114,1.02600561996879e-19
"164","slope","Natural",-0.0682189973346264,-0.0732345854557067,-0.0632034092135462,2.88614562169885e-153
"165","slope","Suburban",-0.0435709669521521,-0.048318647889912,-0.0388232860143922,1.20767985758858e-71
"166","slope","Urban",-0.0316170136911329,-0.0375333335813167,-0.0257006938009491,1.36213993519705e-25
"167","slope","Natural",-0.0687108285411344,-0.0737284828532278,-0.0636931742290411,2.77263982368336e-155
"168","slope","Suburban",-0.0415942163457072,-0.0463441785246132,-0.0368442541668012,1.88658304989144e-65
"169","slope","Urban",-0.0294427218306608,-0.0353533471408179,-0.0235320965205037,1.8564803678261e-22
"170","slope","Natural",-0.0684800073278794,-0.0734910650017479,-0.0634689496540108,1.13831115992431e-154
"171","slope","Suburban",-0.0415851758335445,-0.0463304587618414,-0.0368398929052477,1.50923053592741e-65
"172","slope","Urban",-0.0320997582965958,-0.0380137225873488,-0.0261857940058429,2.39943433414001e-26
"173","slope","Natural",-0.0679731763033009,-0.0729886253859198,-0.062957727220682,3.28919970158947e-152
"174","slope","Suburban",-0.0421443764778586,-0.0468942679068365,-0.0373944850488807,3.94182371818803e-67
"175","slope","Urban",-0.0272695385839322,-0.0331561658565856,-0.0213829113112787,1.20810452999035e-19
"176","slope","Natural",-0.0676420525353832,-0.0726323763950804,-0.0626517286756861,2.99405261182232e-152
"177","slope","Suburban",-0.0430733494781555,-0.0477987632527878,-0.0383479357035233,1.03128001453984e-70
"178","slope","Urban",-0.0282260381638846,-0.0341190332432341,-0.0223330430845351,6.88621275302095e-21
"179","slope","Natural",-0.0670673856135266,-0.0720660434095157,-0.0620687278175375,2.79971397602347e-149
"180","slope","Suburban",-0.0421385061696424,-0.0468711113860565,-0.0374059009532282,1.38222479217503e-67
"181","slope","Urban",-0.0296156659321939,-0.0355356447810223,-0.0236956870833656,1.23070153600296e-22
"182","slope","Natural",-0.0681955115586936,-0.0732148752913657,-0.0631761478260216,6.09056353483583e-153
"183","slope","Suburban",-0.0426302424762335,-0.0473831218964543,-0.0378773630560127,1.51127616978571e-68
"184","slope","Urban",-0.0308762029808709,-0.0367928567490185,-0.0249595492127233,1.74974427636951e-24
"185","slope","Natural",-0.0687025030128892,-0.0737197880313681,-0.0636852179944103,2.865226080119e-155
"186","slope","Suburban",-0.0425975097238214,-0.0473493435686498,-0.0378456758789929,1.78551321205411e-68
"187","slope","Urban",-0.0295944757589782,-0.0354966806865419,-0.0236922708314145,9.85964367648989e-23
"188","slope","Natural",-0.0667273280558385,-0.0717316127611789,-0.061723043350498,1.68556616222357e-147
"189","slope","Suburban",-0.0430538079487736,-0.0477934499849882,-0.0383141659125591,3.04527880391873e-70
"190","slope","Urban",-0.0289497288662637,-0.0348391917301675,-0.0230602660023598,6.5240218370656e-22
"191","slope","Natural",-0.0686404443977976,-0.0736361743262687,-0.0636447144693265,2.71412479146148e-156
"192","slope","Suburban",-0.0412533030000968,-0.045982217030686,-0.0365243889695076,5.64319075438288e-65
"193","slope","Urban",-0.0258766567596117,-0.0317862892238549,-0.0199670242953684,1.00962020034896e-17
"194","slope","Natural",-0.0686240745938096,-0.0736367040156255,-0.0636114451719938,3.3194869811632e-155
"195","slope","Suburban",-0.0431349764851791,-0.0478825866298256,-0.0383873663405327,2.85775342837991e-70
"196","slope","Urban",-0.0333037248109614,-0.0391993616858094,-0.0274080879361135,2.16260756098038e-28
"197","slope","Natural",-0.0690551806598354,-0.0740550573796195,-0.0640553039400513,7.21400810818387e-158
"198","slope","Suburban",-0.0428596143935804,-0.0475947395440559,-0.038124489243105,9.22773474167178e-70
"199","slope","Urban",-0.028703167773196,-0.0346149089254501,-0.0227914266209418,2.03200283101742e-21
"200","slope","Natural",-0.0688810775179251,-0.0738947479841204,-0.0638674070517299,2.879596953354e-156
"201","slope","Suburban",-0.0421028522983412,-0.0468511803522607,-0.0373545242444217,4.79262683316734e-67
"202","slope","Urban",-0.0294530197133205,-0.03538266293786,-0.0235233764887811,2.44001993254536e-22
"203","slope","Natural",-0.0690090552455875,-0.0740387844612924,-0.0639793260298825,7.30918135191734e-156
"204","slope","Suburban",-0.0435167562571611,-0.0482794957692183,-0.0387540167451039,4.8863910743145e-71
"205","slope","Urban",-0.0276289844443543,-0.0335429902437248,-0.0217149786449839,5.95374511740348e-20
"206","slope","Natural",-0.0680772145519146,-0.0730913688292735,-0.0630630602745557,9.79125607881805e-153
"207","slope","Suburban",-0.0418879652356142,-0.0466367496722016,-0.0371391807990269,2.2420735980015e-66
"208","slope","Urban",-0.0297511362639782,-0.0356673538476103,-0.0238349186803461,7.43032650078171e-23
"209","slope","Natural",-0.0681577845805228,-0.0731748486034673,-0.0631407205575783,6.50048417300375e-153
"210","slope","Suburban",-0.0431937378845776,-0.0479440254378045,-0.0384434503313508,2.22801126208506e-70
"211","slope","Urban",-0.0294398938052869,-0.0353580834517178,-0.023521704158856,2.11733434753506e-22
"212","slope","Natural",-0.0682023906777828,-0.073221832164679,-0.0631829491908866,5.7495523822758e-153
"213","slope","Suburban",-0.0419171853895104,-0.0466690684012128,-0.037165302377808,2.21252805765924e-66
"214","slope","Urban",-0.0291971417235041,-0.0351156815516532,-0.0232786018953549,4.66423974921039e-22
"215","slope","Natural",-0.0679535461307113,-0.0729723480868478,-0.0629347441745748,6.28381592830154e-152
"216","slope","Suburban",-0.0423055225748478,-0.0470577919444937,-0.0375532532052019,1.46346018735435e-67
"217","slope","Urban",-0.0297825102761912,-0.0356934575904025,-0.0238715629619798,6.14380838691265e-23
"218","slope","Natural",-0.0688519109317258,-0.0738644936221094,-0.0638393282413422,3.32386512339848e-156
"219","slope","Suburban",-0.04281397280558,-0.0475591104803281,-0.0380688351308319,2.46137519490514e-69
"220","slope","Urban",-0.0290360161637905,-0.0349423665107553,-0.0231296658168258,6.45575279440513e-22
"221","slope","Natural",-0.0684573915310458,-0.0734654548517427,-0.063449328210349,9.47025606855696e-155
"222","slope","Suburban",-0.0433365880165567,-0.0480784378719879,-0.0385947381611255,4.52017362816988e-71
"223","slope","Urban",-0.0284709459234501,-0.0343569915911416,-0.0225849002557587,2.85972083138286e-21
"224","slope","Natural",-0.0686463638693198,-0.0736369644341946,-0.0636557633044449,1.25086105523639e-156
"225","slope","Suburban",-0.0434170964428188,-0.048143327422678,-0.0386908654629596,8.80955135883092e-72
"226","slope","Urban",-0.0264699868422879,-0.0323932722772986,-0.0205467014072772,2.15669839540161e-18
"227","slope","Natural",-0.0683686423822528,-0.0733921911451002,-0.0633450936194055,1.91092048543192e-153
"228","slope","Suburban",-0.0428399172026256,-0.0475968653169047,-0.0380829690883465,4.38588891429911e-69
"229","slope","Urban",-0.0283455480917538,-0.03427886180582,-0.0224122343776875,8.66069783625002e-21
"230","slope","Natural",-0.0671305256715935,-0.0721608894947208,-0.0621001618484662,9.79566586413777e-148
"231","slope","Suburban",-0.0432517004378176,-0.0480141350292295,-0.0384892658464056,3.25289682502858e-70
"232","slope","Urban",-0.0309083201704447,-0.0368177130309294,-0.0249989273099599,1.37849384512027e-24
"233","slope","Natural",-0.0678202821075262,-0.0728313027306724,-0.0628092614843801,8.29664291051783e-152
"234","slope","Suburban",-0.0439926699461505,-0.0487389925767287,-0.0392463473155723,4.98985979443342e-73
"235","slope","Urban",-0.0287629487887421,-0.0346851430760049,-0.0228407545014794,1.97474963376352e-21
"236","slope","Natural",-0.0688481189835734,-0.0738702611732883,-0.0638259767938585,1.29437135057873e-155
"237","slope","Suburban",-0.0416642743139806,-0.046417967502294,-0.0369105811256672,1.45345887262515e-65
"238","slope","Urban",-0.027277417266314,-0.0331873320180003,-0.0213675025146277,1.63507831629939e-19
"239","slope","Natural",-0.0684943548607246,-0.073506242427119,-0.0634824672943302,1.1044581722657e-154
"240","slope","Suburban",-0.0411186083851464,-0.0458649912697144,-0.0363722255005784,4.1333588496575e-64
"241","slope","Urban",-0.0317862763272527,-0.0377024963958793,-0.0258700562586261,7.53517338820145e-26
"242","slope","Natural",-0.0683112311405362,-0.0733277126552903,-0.063294749625782,1.29627595523676e-153
"243","slope","Suburban",-0.0428667656873969,-0.0476175022384263,-0.0381160291363675,2.42147875179068e-69
"244","slope","Urban",-0.0278224316618648,-0.0337209756503672,-0.0219238876733624,2.62893846375301e-20
"245","slope","Natural",-0.0675947904190594,-0.0725965521918219,-0.0625930286462968,2.25191262087779e-151
"246","slope","Suburban",-0.0421792873405063,-0.0469160185520909,-0.0374425561289216,1.34292662239852e-67
"247","slope","Urban",-0.0296120776605274,-0.0355483907269341,-0.0236757645941208,1.62344997782099e-22
"248","slope","Natural",-0.0703680341355439,-0.0754020873558461,-0.0653339809152418,1.41859057784387e-161
"249","slope","Suburban",-0.0409697834351117,-0.0457346768172217,-0.0362048900530016,3.44810914590258e-63
"250","slope","Urban",-0.0245702260706821,-0.0304790555431765,-0.0186613965981876,3.88655157386782e-16
"251","slope","Natural",-0.0673458526067139,-0.0723568268479529,-0.0623348783654748,9.13937314876649e-150
"252","slope","Suburban",-0.0423747267785782,-0.0471192264906729,-0.0376302270664836,5.47237296654138e-68
"253","slope","Urban",-0.0288564261203793,-0.0347548183773601,-0.0229580338633984,1.01334968942338e-21
"254","slope","Natural",-0.0685346977002162,-0.0735365590062683,-0.0635328363941642,1.84981833173475e-155
"255","slope","Suburban",-0.0431071655831736,-0.0478443754213427,-0.0383699557450044,1.76193295448423e-70
"256","slope","Urban",-0.027945611516572,-0.0338717387054865,-0.0220194843276575,2.68556557360911e-20
"257","slope","Natural",-0.0679689946966303,-0.0729938841571422,-0.0629441052361183,1.22228407930365e-151
"258","slope","Suburban",-0.0422918289765997,-0.0470519645554823,-0.0375316933977171,2.64484004558391e-67
"259","slope","Urban",-0.028446861209257,-0.03435110044439,-0.022542621974124,4.07434844072322e-21
"260","slope","Natural",-0.067714657341909,-0.0727212691119481,-0.0627080455718698,1.31130727870144e-151
"261","slope","Suburban",-0.0413544811469435,-0.0460980343866907,-0.0366109279071963,6.78770482342525e-65
"262","slope","Urban",-0.0277992177082176,-0.0337216690156039,-0.0218767664008312,3.9916986617705e-20
"263","slope","Natural",-0.0684735977063958,-0.0734955898061624,-0.0634516056066293,5.41529781038027e-154
"264","slope","Suburban",-0.0415048996647514,-0.0462596453875184,-0.0367501539419844,4.70226039626486e-65
"265","slope","Urban",-0.0293899541445403,-0.0352827352417062,-0.0234971730473745,1.65003392434821e-22
"266","slope","Natural",-0.0682251030370291,-0.0732213662689005,-0.0632288398051578,1.93575024515071e-154
"267","slope","Suburban",-0.0410120124070253,-0.0457459190050905,-0.0362781058089602,4.09095208486054e-64
"268","slope","Urban",-0.029286746803663,-0.0351960566400321,-0.0233774369672939,3.01472914649292e-22
"269","slope","Natural",-0.0679631278106322,-0.0729740147650824,-0.062952240856182,1.96355636695783e-152
"270","slope","Suburban",-0.0428852727716163,-0.0476300249063058,-0.0381405206369268,1.43728661308067e-69
"271","slope","Urban",-0.0313235358268648,-0.0372083868926073,-0.0254386847611224,2.10921064320956e-25
"272","slope","Natural",-0.0686594590451032,-0.073650137753488,-0.0636687803367185,1.10725010366387e-156
"273","slope","Suburban",-0.0417175592756945,-0.0464439583382994,-0.0369911602130897,1.85189417194482e-66
"274","slope","Urban",-0.0283775187649469,-0.0342998532976535,-0.0224551842322404,6.65451095622906e-21
"275","slope","Natural",-0.068276329987808,-0.0732993287770283,-0.0632533311985877,4.45430533895378e-153
"276","slope","Suburban",-0.0425205166452768,-0.0472780081308877,-0.037763025159666,4.43019300519475e-68
"277","slope","Urban",-0.0296229004835659,-0.0355204257051509,-0.023725375261981,8.31540600579579e-23
"278","slope","Natural",-0.0681547183401504,-0.0731562763196557,-0.063153160360645,8.11293019953983e-154
"279","slope","Suburban",-0.0431361875134764,-0.0478727114661791,-0.0383996635607738,1.36368136760167e-70
"280","slope","Urban",-0.0281293334585822,-0.034052955707485,-0.0222057112096795,1.46836586027404e-20
"281","slope","Natural",-0.0677148901080909,-0.0727380833965613,-0.0626916968196204,1.20763442662424e-150
"282","slope","Suburban",-0.0433101590949524,-0.0480659015313269,-0.0385544166585779,1.37412105997154e-70
"283","slope","Urban",-0.0298455972638969,-0.0357411856295256,-0.0239500088982682,3.86253006095762e-23
"284","slope","Natural",-0.0673271394329202,-0.0723272582549468,-0.0623270206108935,2.58867696273416e-150
"285","slope","Suburban",-0.0431331960552141,-0.0478672468030878,-0.0383991453073405,1.18323566310525e-70
"286","slope","Urban",-0.0268989870161601,-0.0328274826189308,-0.0209704914133894,6.541301890477e-19
"287","slope","Natural",-0.0685157997033512,-0.0735419563781794,-0.063489643028523,6.26461727258466e-154
"288","slope","Suburban",-0.0419912926698589,-0.0467511461784767,-0.0372314391612412,2.15418652448308e-66
"289","slope","Urban",-0.0282550062378213,-0.0341645921404679,-0.0223454203351748,8.06477724597652e-21
"290","slope","Natural",-0.0676044916276609,-0.0726162787863438,-0.062592704468978,7.85439680595237e-151
"291","slope","Suburban",-0.0424142905018404,-0.0471614946631353,-0.0376670863405454,4.90394318096913e-68
"292","slope","Urban",-0.0298238220864075,-0.0357225438046087,-0.0239251003682063,4.37462058303466e-23
"293","slope","Natural",-0.0677646675084902,-0.0727654097819476,-0.0627639252350329,3.6070671868822e-152
"294","slope","Suburban",-0.0432406140312123,-0.0479761177611328,-0.0385051103012919,5.96171241039888e-71
"295","slope","Urban",-0.0275413232115249,-0.0334539610038067,-0.0216286854192431,7.6289839104023e-20
"296","slope","Natural",-0.0684763819299637,-0.0734912472178992,-0.0634615166420282,1.9886785994601e-154
"297","slope","Suburban",-0.0443464486223992,-0.049095077280724,-0.0395978199640743,4.26835284452635e-74
"298","slope","Urban",-0.0301938459274275,-0.0360937163721734,-0.0242939754826817,1.30331941157018e-23
"299","slope","Natural",-0.067674045737229,-0.0726787480872568,-0.0626693433872012,1.52007841497989e-151
"300","slope","Suburban",-0.0409683059769963,-0.0457054693768605,-0.0362311425771322,6.7295551641239e-64
"301","slope","Urban",-0.0306522481738358,-0.0365578262371153,-0.0247466701105563,3.07624110651647e-24
"302","slope","Natural",-0.0678692160987776,-0.0728768187370356,-0.0628616134605195,3.21346604545366e-152
"303","slope","Suburban",-0.042731487937578,-0.0474728089111724,-0.0379901669639837,3.4774779417433e-69
"304","slope","Urban",-0.027932210098582,-0.033838907140308,-0.0220255130568559,2.10888946096115e-20
"305","slope","Natural",-0.0685979571528051,-0.0736066909090206,-0.0635892233965896,2.52520100810864e-155
"306","slope","Suburban",-0.04175453313972,-0.0464973260490786,-0.0370117402303614,3.95127744030476e-66
"307","slope","Urban",-0.0295793753336833,-0.0354998243653153,-0.0236589263020514,1.39583070763588e-22
"308","slope","Natural",-0.0679943336950715,-0.0730142752653763,-0.0629743921247667,4.88561801996478e-152
"309","slope","Suburban",-0.0410459441247835,-0.0458007507053985,-0.0362911375441685,1.12723650967286e-63
"310","slope","Urban",-0.0294011310721383,-0.0352930015782882,-0.0235092605659885,1.56743903126478e-22
"311","slope","Natural",-0.0687317407517079,-0.0737280027159433,-0.0637354787874724,1.15982864328157e-156
"312","slope","Suburban",-0.0420606989637964,-0.0467909272788456,-0.0373304706487472,2.06838728924145e-67
"313","slope","Urban",-0.0267938261925565,-0.0326920526192917,-0.0208955997658214,5.94341261158161e-19
"314","slope","Natural",-0.0666947704981138,-0.0716963030927484,-0.0616932379034792,1.61898462934836e-147
"315","slope","Suburban",-0.0443093204137117,-0.0490442560989754,-0.039574384728448,2.17073556794513e-74
"316","slope","Urban",-0.029501375501197,-0.0353923929230548,-0.0236103580793393,1.11326701786052e-22
"317","slope","Natural",-0.067898191983977,-0.0728938252457873,-0.0629025587221668,4.73613536828023e-153
"318","slope","Suburban",-0.0412104497868737,-0.0459404274248537,-0.0364804721488937,8.11945204779793e-65
"319","slope","Urban",-0.0300062559006468,-0.0358891190832276,-0.0241233927180659,1.82503614412077e-23
"320","slope","Natural",-0.0685088474914155,-0.073497915232925,-0.0635197797499061,4.07338909866236e-156
"321","slope","Suburban",-0.0423292059351309,-0.0470541344251448,-0.037604277445117,2.16861067888681e-68
"322","slope","Urban",-0.0304540622812868,-0.0363607913036698,-0.0245473332589037,6.1277144469547e-24
"323","slope","Natural",-0.0678456005623711,-0.0728561404997197,-0.0628350606250225,6.04589770543541e-152
"324","slope","Suburban",-0.0434648625218183,-0.0482067150451504,-0.0387230099984862,1.7740529337938e-71
"325","slope","Urban",-0.0286818760990709,-0.0345980252671159,-0.0227657269310259,2.32619613845306e-21
"326","slope","Natural",-0.0674278913578035,-0.0724447790467933,-0.0624110036688137,8.91075225869766e-150
"327","slope","Suburban",-0.0425033713244646,-0.047252480642793,-0.0377542620061362,2.93549539675886e-68
"328","slope","Urban",-0.0318332502767558,-0.0377267341502499,-0.0259397664032617,4.1558209238163e-26
"329","slope","Natural",-0.0685137402468333,-0.0735116693412766,-0.06351581115239,1.3260797915385e-155
"330","slope","Suburban",-0.0417406913400639,-0.0464711976414328,-0.037010185038695,2.03162950786753e-66
"331","slope","Urban",-0.0285834814869462,-0.0344901853482888,-0.0226767776256037,2.74789592308243e-21
"332","slope","Natural",-0.0673172180231162,-0.0723272921684408,-0.0623071438777916,1.07685658231179e-149
"333","slope","Suburban",-0.0429635733577857,-0.0477083927244885,-0.0382187539910829,8.21018650774072e-70
"334","slope","Urban",-0.0297996707318682,-0.0357072000460377,-0.0238921414176987,5.48638645691327e-23
"335","slope","Natural",-0.067276610148391,-0.0722868516165034,-0.0622663686802786,1.6444125723663e-149
"336","slope","Suburban",-0.0419212473410512,-0.0466649667147891,-0.0371775279673133,1.29463776368046e-66
"337","slope","Urban",-0.0276217876846975,-0.0335339730028651,-0.0217096023665299,5.92999553706792e-20
"338","slope","Natural",-0.067627377266703,-0.0726411562020665,-0.0626135983313395,8.17445740656357e-151
"339","slope","Suburban",-0.0428608721233758,-0.0476083469502623,-0.0381133972964892,2.04479027367089e-69
"340","slope","Urban",-0.0287456710413859,-0.0346316481861549,-0.0228596938966169,1.18961881952851e-21
"341","slope","Natural",-0.068456982061574,-0.0734482236959847,-0.0634657404271632,9.31963443120032e-156
"342","slope","Suburban",-0.041457098478583,-0.046183039160328,-0.036731157796838,1.12823959356467e-65
"343","slope","Urban",-0.0308709607848837,-0.0367600047217111,-0.0249819168480562,1.08804292976363e-24
"344","slope","Natural",-0.0677258659237705,-0.072720477014851,-0.06273125483269,2.31525144920537e-152
"345","slope","Suburban",-0.0420570826833332,-0.0467859430093609,-0.0373282223573054,1.9461885504463e-67
"346","slope","Urban",-0.0307068347915408,-0.0366405953505475,-0.0247730742325341,4.18845521732813e-24
"347","slope","Natural",-0.0674295771581908,-0.0724632917831358,-0.0623958625332459,8.09976422994155e-149
"348","slope","Suburban",-0.0413659281549224,-0.0461323978828339,-0.0365994584270108,2.49426553373749e-64
"349","slope","Urban",-0.02904579610714,-0.0349457046662969,-0.0231458875479831,5.64941420678284e-22
"350","slope","Natural",-0.069118163380621,-0.0741215163696246,-0.0641148103916174,6.1963297596986e-158
"351","slope","Suburban",-0.04328195957382,-0.04801951726978,-0.03854440187786,5.05661530695719e-71
"352","slope","Urban",-0.024266066345719,-0.0301684451841614,-0.0183636875072765,8.26402175672891e-16
"353","slope","Natural",-0.0673558012209408,-0.0723598987420441,-0.0623517036998375,3.31447011885484e-150
"354","slope","Suburban",-0.0422281987037515,-0.0469689152487251,-0.0374874821587779,1.22084904871594e-67
"355","slope","Urban",-0.0292383232415661,-0.0351681074679636,-0.0233085390151685,4.8831834608283e-22
"356","slope","Natural",-0.067691672508476,-0.0727214007308245,-0.0626619442861275,3.625045185638e-150
"357","slope","Suburban",-0.043501258153724,-0.0482645548453451,-0.038737961462103,5.67205110367409e-71
"358","slope","Urban",-0.0273265679105934,-0.0332305103990746,-0.0214226254221121,1.29612285125391e-19
"359","slope","Natural",-0.0691601820119157,-0.074166769915192,-0.0641535941086394,6.36656144013877e-158
"360","slope","Suburban",-0.0424064607787982,-0.047146834434818,-0.0376660871227784,3.35541629411734e-68
"361","slope","Urban",-0.0288959993123818,-0.0348089569196053,-0.0229830417051583,1.12122196064128e-21
"362","slope","Natural",-0.0678873881283117,-0.0728998790818642,-0.0628748971747591,5.18791218576179e-152
"363","slope","Suburban",-0.0428870812030265,-0.0476350248980506,-0.0381391375080024,1.74591561977199e-69
"364","slope","Urban",-0.0278844013565137,-0.0337858406810051,-0.0219829620320223,2.26414884697752e-20
"365","slope","Natural",-0.0674086843096772,-0.0724128530873662,-0.0624045155319881,1.97995024719703e-150
"366","slope","Suburban",-0.0417963408105826,-0.0465353905316809,-0.0370572910894843,2.33484995632201e-66
"367","slope","Urban",-0.0277604213783421,-0.0336724520954768,-0.0218483906612073,3.86963091052718e-20
"368","slope","Natural",-0.0683851035459933,-0.0733975319928849,-0.0633726750991016,3.55810718602206e-154
"369","slope","Suburban",-0.0422922545172294,-0.0470409467346422,-0.0375435622998167,1.28279323571599e-67
"370","slope","Urban",-0.0320944967762795,-0.0380234540785364,-0.0261655394740226,3.25459795578081e-26
"371","slope","Natural",-0.0683333889516168,-0.0733608071152194,-0.0633059707880141,4.58789888856622e-153
"372","slope","Suburban",-0.0414840386420025,-0.0462482423613307,-0.0367198349226743,9.62747683361291e-65
"373","slope","Urban",-0.0269228137144374,-0.0328238610159224,-0.0210217664129523,4.20148505150655e-19
"374","slope","Natural",-0.0672082281871899,-0.0722107086506616,-0.0622057477237182,1.15370177159415e-149
"375","slope","Suburban",-0.0423090993019033,-0.0470452205930923,-0.0375729780107142,5.1251058327013e-68
"376","slope","Urban",-0.0285287455103383,-0.0344164977284311,-0.0226409932922454,2.44338770484887e-21
"377","slope","Natural",-0.0684097786125286,-0.0734022180840737,-0.0634173391409836,1.77251413091743e-155
"378","slope","Suburban",-0.0416227943431247,-0.0463493632967846,-0.0368962253894648,3.65371139772165e-66
"379","slope","Urban",-0.0291795728311547,-0.0350670190246329,-0.0232921266376766,3.003139880249e-22
"380","slope","Natural",-0.0681084663169494,-0.0731015717514524,-0.0631153608824465,4.05588825442256e-154
"381","slope","Suburban",-0.0432341957236582,-0.0479614850500943,-0.0385069063972221,3.61204664938436e-71
"382","slope","Urban",-0.0267950626510968,-0.0327029844553909,-0.0208871408468028,6.75020558828029e-19
"383","slope","Natural",-0.0690316570121025,-0.0740426604070608,-0.0640206536171441,4.34416302293311e-157
"384","slope","Suburban",-0.0419402362355432,-0.0466864986864324,-0.037193973784654,1.32692883488436e-66
"385","slope","Urban",-0.0273920428857298,-0.0332969295179336,-0.021487156253526,1.07672091401225e-19
"386","slope","Natural",-0.0695425176789034,-0.0745498123462662,-0.0645352230115405,1.43711408865905e-159
"387","slope","Suburban",-0.042652668445716,-0.0473933222428209,-0.0379120146486112,5.8656264248842e-69
"388","slope","Urban",-0.0308782078386176,-0.0367553464745492,-0.025001069202686,8.5621688753465e-25
"389","slope","Natural",-0.0693327984555067,-0.0743181614317313,-0.0643474354792821,5.43382891779319e-160
"390","slope","Suburban",-0.0424140957265702,-0.0471323988357308,-0.0376957926174096,7.6846224465109e-69
"391","slope","Urban",-0.0312890992356003,-0.0372030942778612,-0.0253751041933394,4.06073833609486e-25
"392","slope","Natural",-0.0671062289371209,-0.0721236160038223,-0.0620888418704194,2.26943686313532e-148
"393","slope","Suburban",-0.0413281334904502,-0.0460791565794078,-0.0365771104014927,1.28075045319377e-64
"394","slope","Urban",-0.0286207964567493,-0.0345229724679413,-0.0227186204455572,2.27753781349343e-21
"395","slope","Natural",-0.0682218075139747,-0.0732258706104673,-0.063217744417482,5.82886416442637e-154
"396","slope","Suburban",-0.041792041529511,-0.0465319080691854,-0.0370521749898366,2.53161140847152e-66
"397","slope","Urban",-0.027530462231081,-0.0334602755500632,-0.0216006489120989,1.00496623230283e-19
"398","slope","Natural",-0.0683737265328252,-0.0734029471080924,-0.063344505957558,3.92017950449361e-153
"399","slope","Suburban",-0.0437325092942013,-0.0484938890072973,-0.0389711295811053,9.30387384789986e-72
"400","slope","Urban",-0.0278676346930757,-0.0337890381535212,-0.0219462312326302,3.18734152679061e-20
"401","slope","Natural",-0.0676240350266409,-0.0726427314939647,-0.0626053385593172,1.62915879422876e-150
"402","slope","Suburban",-0.0399454880422843,-0.0447004999981168,-0.0351904760864517,2.00175181892537e-60
"403","slope","Urban",-0.0272870297774874,-0.033202928576968,-0.0213711309780068,1.7263530530396e-19
"404","slope","Natural",-0.0680150800482058,-0.0730328318125669,-0.0629973282838447,2.95696138970713e-152
"405","slope","Suburban",-0.042614862114458,-0.0473660258755233,-0.0378636983533928,1.51119000098348e-68
"406","slope","Urban",-0.0257337145227027,-0.0316217905712758,-0.0198456384741295,1.16109490442171e-17
"407","slope","Natural",-0.0675046116955196,-0.0724973970115561,-0.062511826379483,1.65050317627913e-151
"408","slope","Suburban",-0.0423993381098429,-0.0471258202054202,-0.0376728560142655,1.4490099714374e-68
"409","slope","Urban",-0.0290403529700826,-0.0349472106164111,-0.0231334953237541,6.41759020301618e-22
"410","slope","Natural",-0.0677521629906768,-0.0727597670552526,-0.0627445589261009,1.03168638581558e-151
"411","slope","Suburban",-0.0428118475946021,-0.0475527173339054,-0.0380709778552987,1.89426336208096e-69
"412","slope","Urban",-0.0277507476015633,-0.0336705383530388,-0.0218309568500879,4.45687229474798e-20
"413","slope","Natural",-0.0689131349428614,-0.0739333172827415,-0.0638929526029812,5.13333469129561e-156
"414","slope","Suburban",-0.0432347905821443,-0.0479906428115346,-0.038478938352754,2.38687861378802e-70
"415","slope","Urban",-0.0283290737053349,-0.0342175374714886,-0.0224406099391812,4.64910469807416e-21
"416","slope","Natural",-0.0678015485960295,-0.0727962816945665,-0.0628068154974926,1.10400013492688e-152
"417","slope","Suburban",-0.0427224694923336,-0.0474511142152739,-0.0379938247693934,1.62765508371513e-69
"418","slope","Urban",-0.0293562146939047,-0.0352589358809091,-0.0234534935069002,2.164172656842e-22
"419","slope","Natural",-0.0691466526117699,-0.0741517239901013,-0.0641415812334385,5.90447501964543e-158
"420","slope","Suburban",-0.0441769070078126,-0.048916807963718,-0.0394370060519072,8.20985938236957e-74
"421","slope","Urban",-0.0320082603181221,-0.0379251150631526,-0.0260914055730916,3.50091303942033e-26
"422","slope","Natural",-0.0687576919545751,-0.0737742688791686,-0.0637411150299816,1.49214270787806e-155
"423","slope","Suburban",-0.0444446949319196,-0.049198201735873,-0.0396911881279663,2.88744096788332e-74
"424","slope","Urban",-0.0302760940403283,-0.0361797699309404,-0.0243724181497162,1.05643710428947e-23
"425","slope","Natural",-0.0672352162541172,-0.0722428410054936,-0.0622275915027409,1.74939013812124e-149
"426","slope","Suburban",-0.0429512543798726,-0.0476912003038197,-0.0382113084559256,6.5241063084679e-70
"427","slope","Urban",-0.0283689352174908,-0.0342679256600383,-0.0224699447749433,4.80970401954832e-21
"428","slope","Natural",-0.0674075348647736,-0.0724110433677106,-0.0624040263618366,1.83341661281534e-150
"429","slope","Suburban",-0.0428827892362835,-0.0476211956388005,-0.0381443828337665,9.67378680837446e-70
"430","slope","Urban",-0.027798425887597,-0.0337097202575425,-0.0218871315176515,3.40671154445395e-20
"431","slope","Natural",-0.0690076937518576,-0.0740196230722684,-0.0639957644314467,6.29766275566624e-157
"432","slope","Suburban",-0.0428605140256241,-0.0476081692019828,-0.0381128588492653,2.07419815342689e-69
"433","slope","Urban",-0.0292407335853153,-0.0351383984445157,-0.023343068726115,2.90246274982135e-22
"434","slope","Natural",-0.067946588223746,-0.0729467967336307,-0.0629463797138613,5.43991988983027e-153
"435","slope","Suburban",-0.0443911189229066,-0.0491267779114051,-0.039655459934408,1.23988447074275e-74
"436","slope","Urban",-0.0311262056611536,-0.037040096713562,-0.0252123146087452,7.09435932729316e-25
"437","slope","Natural",-0.0681673492182164,-0.0731825354857928,-0.0631521629506399,4.5779242388715e-153
"438","slope","Suburban",-0.0429205174843235,-0.0476689875636316,-0.0381720474050153,1.42029173458981e-69
"439","slope","Urban",-0.0283411532822875,-0.0342539916961103,-0.0224283148684647,6.46678666201639e-21
"440","slope","Natural",-0.0690776566089298,-0.0740918829232969,-0.0640634302945627,4.27235654830282e-157
"441","slope","Suburban",-0.0427866457236799,-0.0475366759769942,-0.0380366154703655,4.11060603287978e-69
"442","slope","Urban",-0.0289398041651019,-0.034840558314183,-0.0230390500160208,8.04994091808468e-22
"443","slope","Natural",-0.0679067899075411,-0.0729095570185519,-0.0629040227965304,1.14695211188329e-152
"444","slope","Suburban",-0.0408561982042446,-0.0455959612034481,-0.0361164352050411,1.70334311032662e-63
"445","slope","Urban",-0.0297803856763076,-0.0356958858443866,-0.0238648855082285,6.67097814328796e-23
"446","slope","Natural",-0.0683296795141468,-0.073346908956137,-0.0633124500721565,1.19402112153811e-153
"447","slope","Suburban",-0.0424455771463261,-0.0471958175142118,-0.0376953367784403,4.76137484122004e-68
"448","slope","Urban",-0.030094657218829,-0.0360061807807749,-0.0241831336568831,2.21149814459626e-23
"449","slope","Natural",-0.0692039252401325,-0.0742190644401828,-0.0641887860400823,1.35313687269582e-157
"450","slope","Suburban",-0.0432856115336225,-0.0480332240552696,-0.0385379990119754,9.59783652233676e-71
"451","slope","Urban",-0.0300720023381334,-0.0359857347467933,-0.0241582699294736,2.47474301810505e-23
"452","slope","Natural",-0.0671754778559644,-0.0721889293411174,-0.0621620263708114,6.830146784697e-149
"453","slope","Suburban",-0.0403406391221128,-0.0450893249559215,-0.0355919532883041,9.73464925874178e-62
"454","slope","Urban",-0.0293168598791389,-0.0352116391277769,-0.0234220806305009,2.16316455927048e-22
"455","slope","Natural",-0.0677604052774771,-0.0727589859145181,-0.062761824640436,2.80755175703909e-152
"456","slope","Suburban",-0.0418451977035098,-0.0465800813585424,-0.0371103140484771,1.27617711323275e-66
"457","slope","Urban",-0.0299569322709715,-0.0358719878508144,-0.0240418766911287,3.7028933815938e-23
"458","slope","Natural",-0.0678709826107244,-0.0728865762871635,-0.0628553889342854,9.27772167454973e-152
"459","slope","Suburban",-0.0409187093674756,-0.0456709977955209,-0.0361664209394302,2.327412587314e-63
"460","slope","Urban",-0.0288320880304413,-0.034738860161212,-0.0229253158996706,1.24850529306654e-21
"461","slope","Natural",-0.0688338472035726,-0.0738422062651008,-0.0638254881420444,2.22036959246313e-156
"462","slope","Suburban",-0.0428815633893988,-0.0476273940778584,-0.0381357327009391,1.58334948289866e-69
"463","slope","Urban",-0.0282537885567111,-0.0341797036346976,-0.0223278734787247,1.0322823483155e-20
"464","slope","Natural",-0.0693718675369632,-0.0743966772060394,-0.064347057867887,9.54781634004788e-158
"465","slope","Suburban",-0.0440646937479446,-0.0488234657622892,-0.0393059217336,6.86412515428926e-73
"466","slope","Urban",-0.0282027493539927,-0.034126693198775,-0.0222788055092104,1.17489705006214e-20
"467","slope","Natural",-0.0690585722977119,-0.0740834321603825,-0.0640337124350414,2.26795304845748e-156
"468","slope","Suburban",-0.0430803795502438,-0.0478379114346099,-0.0383228476658776,8.11059205316827e-70
"469","slope","Urban",-0.027968883202446,-0.0338695181337228,-0.0220682482711692,1.72208544010333e-20
"470","slope","Natural",-0.0682459164593869,-0.0732501467724206,-0.0632416861463532,4.68415952976298e-154
"471","slope","Suburban",-0.0438628713680125,-0.0486012696227068,-0.0391244731133182,7.56449383296913e-73
"472","slope","Urban",-0.028013244133473,-0.0339080314543161,-0.0221184568126299,1.37610000893913e-20
"473","slope","Natural",-0.068445980636221,-0.0734435531723258,-0.0634484081001161,2.50159658403841e-155
"474","slope","Suburban",-0.0416516418377601,-0.0463853757128691,-0.036917907962651,4.64955778776129e-66
"475","slope","Urban",-0.0271593537555152,-0.0330696830897171,-0.0212490244213134,2.3474808270258e-19
"476","slope","Natural",-0.0686797067003232,-0.0736920381548573,-0.0636673752457892,1.82120636297576e-155
"477","slope","Suburban",-0.0423779158895865,-0.0471230629289049,-0.0376327688502682,5.57479303381592e-68
"478","slope","Urban",-0.029492883759005,-0.0354191887806182,-0.0235665787373919,2.03251139100686e-22
"479","slope","Natural",-0.0688050101144817,-0.0738321619149619,-0.0637778583140015,3.97311651433815e-155
"480","slope","Suburban",-0.0426003855830979,-0.0473606341816733,-0.0378401369845225,2.99222579958073e-68
"481","slope","Urban",-0.03265821806943,-0.0385875754334149,-0.026728860705445,4.44989063198705e-27
"482","slope","Natural",-0.0688177251613403,-0.0738446042190764,-0.0637908461036043,3.36903222094827e-155
"483","slope","Suburban",-0.0443440723279165,-0.0491057408927573,-0.0395824037630757,1.06891366340807e-73
"484","slope","Urban",-0.0287340047264411,-0.0346284634343304,-0.0228395460185519,1.4095969297182e-21
"485","slope","Natural",-0.0675963268959662,-0.0725933436711736,-0.0625993101207589,1.16982435658892e-151
"486","slope","Suburban",-0.0424812890784424,-0.0472138330379887,-0.037748745118896,1.18907757754817e-68
"487","slope","Urban",-0.028761665324037,-0.0346830905756006,-0.0228402400724734,1.95945892678015e-21
"488","slope","Natural",-0.0693021051576031,-0.0743243291093975,-0.0642798812058086,1.34678302153297e-157
"489","slope","Suburban",-0.0441121643273874,-0.0488657969125646,-0.0393585317422101,3.40843594374116e-73
"490","slope","Urban",-0.0268013370424297,-0.0326931357653408,-0.0209095383195187,5.32632531110497e-19
"491","slope","Natural",-0.0685761246831297,-0.0735715725557957,-0.0635806768104638,5.00386095018498e-156
"492","slope","Suburban",-0.04137425433929,-0.0461042978300046,-0.0366442108485754,2.59520739088882e-65
"493","slope","Urban",-0.0324098735496,-0.0382831775252019,-0.0265365695739981,3.57812280274997e-27
"494","slope","Natural",-0.068270453338451,-0.0732528039199005,-0.0632881027570016,1.79286307790643e-155
"495","slope","Suburban",-0.04124861234582,-0.0459669567912716,-0.0365302679003684,3.05656200269034e-65
"496","slope","Urban",-0.0303891298208409,-0.0362821649103808,-0.024496094731301,6.01157079313333e-24
"497","slope","Natural",-0.0672404201760704,-0.072238546508051,-0.0622422938440898,4.69006439539482e-150
"498","slope","Suburban",-0.0421585958033425,-0.0468912386354978,-0.0374259529711872,1.2007939567947e-67
"499","slope","Urban",-0.0293099468897096,-0.0352197373385779,-0.0234001564408413,2.81821047954431e-22
"500","slope","Natural",-0.0678637509636667,-0.072875599742306,-0.0628519021850273,6.01746712273316e-152
"501","slope","Suburban",-0.0420318817449986,-0.0467779389458058,-0.0372858245441913,6.86341827616143e-67
"502","slope","Urban",-0.0312209828909177,-0.0371287695790163,-0.025313196202819,4.58566437686632e-25
"503","slope","Natural",-0.0688895062255005,-0.0738981991976573,-0.0638808132533438,1.32532810488109e-156
"504","slope","Suburban",-0.0434038386185149,-0.0481476197573878,-0.038660057479642,3.14934971647507e-71
"505","slope","Urban",-0.0302871451478666,-0.0361937699020468,-0.0243805203936864,1.07093231639315e-23
"506","slope","Natural",-0.0677142755611035,-0.0727232836508556,-0.0627052674713514,1.81728299326992e-151
"507","slope","Suburban",-0.0422293248215937,-0.0469734124206286,-0.0374852372225588,1.4988068186447e-67
"508","slope","Urban",-0.0279492960300954,-0.0338725544235993,-0.0220260376365915,2.54697207621335e-20
"509","slope","Natural",-0.0682977476053686,-0.0733212150770734,-0.0632742801336638,3.83373081042655e-153
"510","slope","Suburban",-0.0416857681628689,-0.0464429031906803,-0.0369286331350575,1.54407496508664e-65
"511","slope","Urban",-0.0275627801384354,-0.0334722807858725,-0.0216532794909983,6.83420892614406e-20
"512","slope","Natural",-0.0677513405026871,-0.0727627656680432,-0.062739915337331,1.7396596943699e-151
"513","slope","Suburban",-0.0428172520310016,-0.0475596857292089,-0.0380748183327943,2.01695116410338e-69
"514","slope","Urban",-0.0316586663221543,-0.0375593451503767,-0.0257579874939318,8.79428235046785e-26
"515","slope","Natural",-0.0685635321338674,-0.0735681501580638,-0.0635589141096711,2.02421208359209e-155
"516","slope","Suburban",-0.0432603407753369,-0.0480005930891629,-0.0385200884615108,7.08041982161334e-71
"517","slope","Urban",-0.0333674613721713,-0.0392837887188898,-0.0274511340254529,2.62789321665209e-28
"518","slope","Natural",-0.0685428137155887,-0.0735610474645841,-0.0635245799665934,1.62033057954271e-154
"519","slope","Suburban",-0.0431718506334842,-0.047923111086725,-0.0384205901802435,2.78216638219799e-70
"520","slope","Urban",-0.0302510596861103,-0.0361451905908345,-0.0243569287813861,9.74971431463283e-24
"521","slope","Natural",-0.0673560083686801,-0.0723541006786786,-0.0623579160586816,1.48082627850587e-150
"522","slope","Suburban",-0.0420022449960697,-0.0467355147656498,-0.0372689752264895,3.79511730338206e-67
"523","slope","Urban",-0.0308034474871067,-0.0367067594726095,-0.024900135501604,1.76850344436926e-24
"524","slope","Natural",-0.0680950105266099,-0.0731015388666551,-0.0630884821865647,2.9095564206907e-153
"525","slope","Suburban",-0.0430788282554397,-0.0478190851209503,-0.038338571389929,2.64558688917639e-70
"526","slope","Urban",-0.0287841053451851,-0.0346800211555411,-0.0228881895348291,1.22868122264633e-21
"527","slope","Natural",-0.0672378760506031,-0.0722392284521001,-0.0622365236491061,7.40030382789124e-150
"528","slope","Suburban",-0.0426965303886719,-0.0474316849376141,-0.0379613758397296,2.99787723403674e-69
"529","slope","Urban",-0.0300536967734496,-0.0359516151088487,-0.0241557784380506,2.01260528248566e-23
"530","slope","Natural",-0.0683383406614599,-0.0733382981635254,-0.0633383831593943,1.02903307809226e-154
"531","slope","Suburban",-0.0428770880602937,-0.0476118887219902,-0.0381422873985972,7.96277896230752e-70
"532","slope","Urban",-0.0301323243968219,-0.0360508243147217,-0.0242138244789222,2.1957716577903e-23
"533","slope","Natural",-0.0692064251449397,-0.0742259790592579,-0.0641868712306215,2.44279279984218e-157
"534","slope","Suburban",-0.0441188375612956,-0.0488707442608952,-0.039366930861696,2.88353719683627e-73
"535","slope","Urban",-0.0299719421522849,-0.0358827822257435,-0.0240611020788263,3.28345840279062e-23
"536","slope","Natural",-0.068122806649264,-0.0731339485922831,-0.0631116647062448,4.1266752223343e-153
"537","slope","Suburban",-0.0430045883660714,-0.0477516166333799,-0.0382575600987629,7.05562033196765e-70
"538","slope","Urban",-0.0285319662714536,-0.0344315992054941,-0.022632333337413,2.90261172301035e-21
"539","slope","Natural",-0.0679709468219626,-0.0729755390047133,-0.0629663546392119,7.73299660268786e-153
"540","slope","Suburban",-0.0443044225628352,-0.0490406953214626,-0.0395681498042078,2.47136230652184e-74
"541","slope","Urban",-0.0281519107736916,-0.0340507251209895,-0.0222530964263937,9.47775421937911e-21
"542","slope","Natural",-0.0688192111109087,-0.0738217876899368,-0.0638166345318806,1.15277693386337e-156
"543","slope","Suburban",-0.0427818349864073,-0.0475187191817797,-0.038044950791035,1.81454064093837e-69
"544","slope","Urban",-0.0270956301219002,-0.0329955132408237,-0.0211957470029767,2.46132592780383e-19
"545","slope","Natural",-0.0683894143808235,-0.07339437102449,-0.0633844577371569,1.22399700326722e-154
"546","slope","Suburban",-0.0412695823026733,-0.0460064000904219,-0.0365327645149246,8.14632676646902e-65
"547","slope","Urban",-0.0292078536881482,-0.0351071052103897,-0.0233086021659067,3.31225943992345e-22
"548","slope","Natural",-0.0680919850716017,-0.0730942636582737,-0.0630897064849297,1.68043500158458e-153
"549","slope","Suburban",-0.041755794780133,-0.0464955211394778,-0.0370160684207882,3.23917462223346e-66
"550","slope","Urban",-0.0280527969244396,-0.0339537232129809,-0.0221518706358984,1.3323613329228e-20
"551","slope","Natural",-0.0685098593369748,-0.073513665700575,-0.0635060529733746,3.10820049302443e-155
"552","slope","Suburban",-0.0411400082613492,-0.0458774606954939,-0.0364025558272044,2.0839985117276e-64
"553","slope","Urban",-0.0313681516714201,-0.0372789981653071,-0.025457305177533,2.91811215415099e-25
"554","slope","Natural",-0.0677564765271201,-0.0727700121895415,-0.0627429408646987,2.19608365350083e-151
"555","slope","Suburban",-0.0428535621334838,-0.0476004223273829,-0.0381067019395847,2.07084551911063e-69
"556","slope","Urban",-0.0241275520208266,-0.0300419400371385,-0.0182131640045146,1.36982208727609e-15
"557","slope","Natural",-0.0685055955804794,-0.0735187510339982,-0.0634924401269607,1.17405309655658e-154
"558","slope","Suburban",-0.0422268021494718,-0.0469748021009427,-0.037478802198001,1.95330234089518e-67
"559","slope","Urban",-0.0285666697224401,-0.0344639755102754,-0.0226693639346047,2.50913855042426e-21
"560","slope","Natural",-0.0665863974638073,-0.0715873903808684,-0.0615854045467461,4.37883655064251e-147
"561","slope","Suburban",-0.0410198000961792,-0.0457553400598224,-0.0362842601325361,4.27532821680901e-64
"562","slope","Urban",-0.02848783461589,-0.0343938978458622,-0.0225817713859179,3.68121197072729e-21
"563","slope","Natural",-0.0677649603260743,-0.0727746506371316,-0.0627552700150171,1.20349575447793e-151
"564","slope","Suburban",-0.0427261953472707,-0.0474687432532194,-0.037983647441322,3.91087958618185e-69
"565","slope","Urban",-0.0335170125197193,-0.0394516597225506,-0.027582365316888,2.21932338773479e-28
"566","slope","Natural",-0.0678449140357871,-0.0728767617260044,-0.0628130663455698,1.0583280479993e-150
"567","slope","Suburban",-0.0439775240649997,-0.0487422655812926,-0.0392127825487069,1.94907566416923e-72
"568","slope","Urban",-0.0298179277091023,-0.0357180047122493,-0.0239178507059552,4.56281282701624e-23
"569","slope","Natural",-0.0675577522993936,-0.072561421679237,-0.0625540829195501,4.20980381712845e-151
"570","slope","Suburban",-0.0429229948947482,-0.0476599901084851,-0.0381859996810114,6.59688942893038e-70
"571","slope","Urban",-0.0300628217408189,-0.0359638705372803,-0.0241617729443574,2.05885208146788e-23
"572","slope","Natural",-0.0680497890533932,-0.073053275448741,-0.0630463026580455,3.0224620905825e-153
"573","slope","Suburban",-0.0419044892902397,-0.046642075857107,-0.0371669027233725,9.9387120755988e-67
"574","slope","Urban",-0.0303672886763074,-0.0362665369748045,-0.0244680403778103,7.20715000732989e-24
"575","slope","Natural",-0.0685515730914995,-0.0735542518472368,-0.0635488943357621,1.74609696644944e-155
"576","slope","Suburban",-0.0418036735514685,-0.0465410953208157,-0.0370662517821212,2.00372618407216e-66
"577","slope","Urban",-0.0292130914043646,-0.0351323039132417,-0.0232938788954875,4.47848001778326e-22
"578","slope","Natural",-0.0688927019315992,-0.0739131688963525,-0.0638722349668458,6.55823492584263e-156
"579","slope","Suburban",-0.04242661350244,-0.047180422072828,-0.037672804932052,6.83275915445414e-68
"580","slope","Urban",-0.0302200033760623,-0.0361324901263671,-0.0243075166257574,1.48143416039264e-23
"581","slope","Natural",-0.0677287359504194,-0.0727420357821123,-0.0627154361187265,2.80286595662238e-151
"582","slope","Suburban",-0.0435842729000098,-0.0483315554736666,-0.0388369903263529,1.06705577539677e-71
"583","slope","Urban",-0.0247379496477189,-0.0306389919974123,-0.0188369072980256,2.24334222972022e-16
"584","slope","Natural",-0.0678550205661815,-0.0728579263212992,-0.0628521148110638,1.96076264963072e-152
"585","slope","Suburban",-0.0417929551576545,-0.046531101577466,-0.0370548087378429,2.26070270590197e-66
"586","slope","Urban",-0.0287925593301122,-0.0346883741613519,-0.0228967444988726,1.19401796966525e-21
"587","slope","Natural",-0.0679230973614326,-0.0729227278038797,-0.0629234669189855,6.35904482575743e-153
"588","slope","Suburban",-0.0419951796313491,-0.046730566795572,-0.0372597924671263,4.55838389965371e-67
"589","slope","Urban",-0.0297733575214164,-0.0356778719883993,-0.0238688430544336,5.69083644354208e-23
"590","slope","Natural",-0.068048872226447,-0.0730546985784122,-0.0630430458744818,4.1944053116219e-153
"591","slope","Suburban",-0.0416155402601966,-0.0463584178297809,-0.0368726626906122,1.05283541562492e-65
"592","slope","Urban",-0.028387417075672,-0.0342702799912272,-0.0225045541601169,3.54962363630363e-21
"593","slope","Natural",-0.0676798162168525,-0.0726679336380282,-0.0626916987956769,1.51982293547974e-152
"594","slope","Suburban",-0.0433939988414234,-0.0481160595915245,-0.0386719380913223,7.87762455278666e-72
"595","slope","Urban",-0.0278088170560159,-0.0337193931683477,-0.0218982409436841,3.2653974569278e-20
"596","slope","Natural",-0.0679755414681245,-0.072986185515769,-0.0629648974204801,1.67797296680197e-152
"597","slope","Suburban",-0.0416737830271507,-0.0464207959230625,-0.0369267701312389,9.02863810128165e-66
"598","slope","Urban",-0.0280415074084472,-0.0339489852056839,-0.0221340296112105,1.52016088069404e-20
"599","slope","Natural",-0.0670036074850298,-0.0720140501620715,-0.061993164807988,2.4968930212102e-148
"600","slope","Suburban",-0.0404231297986435,-0.0451686050904675,-0.0356776545068195,4.61751837619382e-62
"601","slope","Urban",-0.0308315705238932,-0.0367583811738044,-0.024904759873982,2.43558684780678e-24
"602","slope","Natural",-0.068125742917155,-0.0731510700255501,-0.0631004158087598,2.73144261227262e-152
"603","slope","Suburban",-0.0420007467848151,-0.04675791809112,-0.0372435754785102,1.70730583300224e-66
"604","slope","Urban",-0.0282158863258127,-0.0341212190486842,-0.0223105536029412,8.55272121146517e-21
"605","slope","Natural",-0.06862439273498,-0.0736324106515717,-0.0636163748183884,1.75213655498736e-155
"606","slope","Suburban",-0.0420988688270643,-0.0468395203415834,-0.0373582173125451,3.04423506844536e-67
"607","slope","Urban",-0.0262815809807436,-0.0321917067390099,-0.0203714552224774,3.14918314955133e-18
"608","slope","Natural",-0.0681686959807158,-0.0731832197537972,-0.0631541722076344,4.13014632077684e-153
"609","slope","Suburban",-0.0443507063929513,-0.0490968560867743,-0.0396045566991284,3.4823355884224e-74
"610","slope","Urban",-0.0294668416661873,-0.0353978751758723,-0.0235358081565024,2.38605951971124e-22
"611","slope","Natural",-0.0671288170939075,-0.0721586373131592,-0.0620989968746558,9.27790780848375e-148
"612","slope","Suburban",-0.0419890824890737,-0.0467550398424537,-0.0372231251356938,3.18945331963774e-66
"613","slope","Urban",-0.0286833001283932,-0.0346030862712726,-0.0227635139855138,2.44852028987004e-21
"614","slope","Natural",-0.0680988933543962,-0.0731198178880868,-0.0630779688207057,1.97000532452958e-152
"615","slope","Suburban",-0.0427222936787861,-0.0474775278461937,-0.0379670595113785,9.10837736277496e-69
"616","slope","Urban",-0.0312830365740893,-0.0371873676580185,-0.0253787054901601,3.47543088623023e-25
"617","slope","Natural",-0.0677517143408013,-0.072757658380786,-0.0627457703008166,8.28508774801893e-152
"618","slope","Suburban",-0.0434739411833231,-0.0482118827485419,-0.0387359996181043,1.27715400172534e-71
"619","slope","Urban",-0.0272387702011564,-0.0331762345893469,-0.0213013058129659,2.68799843705523e-19
"620","slope","Natural",-0.0683728588521923,-0.0734078698323839,-0.0633378478720008,8.64986197526587e-153
"621","slope","Suburban",-0.0413888181479493,-0.0461570586679359,-0.0366205776279626,2.36841552418506e-64
"622","slope","Urban",-0.0327512412512012,-0.0386403968575767,-0.0268620856448257,1.42807647293407e-27
"623","slope","Natural",-0.0687008793256217,-0.0736943818513829,-0.0637073767998604,1.0792685424352e-156
"624","slope","Suburban",-0.0432970877695044,-0.0480268414700608,-0.0385673340689481,2.68966826989508e-71
"625","slope","Urban",-0.0289039978513514,-0.0348144522496208,-0.0229935434530819,1.05107283603006e-21
"626","slope","Natural",-0.0688269442142843,-0.0738369972289168,-0.0638168911996519,3.01286134871325e-156
"627","slope","Suburban",-0.0437670067603863,-0.0485113419368224,-0.0390226715839502,2.29404637953918e-72
"628","slope","Urban",-0.0245888056437401,-0.0305017755299054,-0.0186758357575749,3.87213343455728e-16
"629","slope","Natural",-0.0677565399415936,-0.0727700588881643,-0.0627430209950229,2.18977868827765e-151
"630","slope","Suburban",-0.0420367726396261,-0.0467854235604504,-0.0372881217188018,7.79781952263777e-67
"631","slope","Urban",-0.0300516198718735,-0.035968732456957,-0.02413450728679,2.80263254690212e-23
"632","slope","Natural",-0.0680482207821189,-0.0730663146460241,-0.0630301269182137,2.22631043534002e-152
"633","slope","Suburban",-0.0421664737949364,-0.046916832419917,-0.0374161151699557,3.47209040949158e-67
"634","slope","Urban",-0.028729365468999,-0.0346398862966886,-0.0228188446413094,1.83503415770618e-21
"635","slope","Natural",-0.0666325626352966,-0.071643721568817,-0.0616214037017762,1.04914586738282e-146
"636","slope","Suburban",-0.0428491065247088,-0.0475965711475213,-0.0381016419018963,2.22357706280731e-69
"637","slope","Urban",-0.0327979708280832,-0.0387169420180578,-0.0268789996381085,2.19418498108594e-27
"638","slope","Natural",-0.0686623320537088,-0.0736817348438755,-0.0636429292635421,5.73557489288862e-155
"639","slope","Suburban",-0.0409630834717268,-0.0457164665244024,-0.0362097004190512,1.83081235049661e-63
"640","slope","Urban",-0.0302439236971862,-0.0361334836210416,-0.0243543637733307,9.22939913285044e-24
"641","slope","Natural",-0.066624115027092,-0.0716189324786734,-0.0616292975755106,1.34399767172108e-147
"642","slope","Suburban",-0.0431580344979717,-0.0478874204240656,-0.0384286485718778,7.24427916915972e-71
"643","slope","Urban",-0.0309945504950865,-0.0369231063443391,-0.025065994645834,1.44565770290868e-24
"644","slope","Natural",-0.0678782009024236,-0.0729050036152185,-0.0628513981896287,3.88316275324903e-151
"645","slope","Suburban",-0.0430790257021759,-0.0478418154525784,-0.0383162359517733,1.15280609723518e-69
"646","slope","Urban",-0.0309945998966277,-0.0368949951232852,-0.0250942046699702,8.73420216177727e-25
"647","slope","Natural",-0.0687805012646089,-0.0737835811778089,-0.0637774213514089,1.82920475655708e-156
"648","slope","Suburban",-0.0439425757508934,-0.048680822669029,-0.0392043288327578,4.15613743744454e-73
"649","slope","Urban",-0.0268374145959074,-0.0327732741182454,-0.0209015550735694,8.65959927982315e-19
"650","slope","Natural",-0.0673493638485136,-0.0723826033148118,-0.0623161243822154,1.6726542835985e-148
"651","slope","Suburban",-0.0422804630390466,-0.0470456505574048,-0.0375152755206884,3.93192971817767e-67
"652","slope","Urban",-0.029151517978692,-0.0350573878423661,-0.023245648115018,4.4171246445879e-22
"653","slope","Natural",-0.0677754393511041,-0.072782354519598,-0.0627685241826102,7.4560004189225e-152
"654","slope","Suburban",-0.0430201594295101,-0.0477616212223299,-0.0382786976366903,4.37858314482758e-70
"655","slope","Urban",-0.0299349658922921,-0.0358324661429333,-0.0240374656416508,2.96583014293213e-23
"656","slope","Natural",-0.0674107344735596,-0.0724105035378177,-0.0624109654093015,1.07594370554723e-150
"657","slope","Suburban",-0.0427686143015677,-0.0475042014905283,-0.0380330271126071,1.83418979164141e-69
"658","slope","Urban",-0.0311751755253961,-0.037087875321087,-0.0252624757297053,5.86931985128949e-25
"659","slope","Natural",-0.0690979511889949,-0.0741129440118345,-0.0640829583661552,3.8737608512334e-157
"660","slope","Suburban",-0.042553519801204,-0.0473034074045087,-0.0378036321978994,2.15780602001426e-68
"661","slope","Urban",-0.0316532116318986,-0.0375434771040164,-0.0257629461597808,7.36825299111074e-26
"662","slope","Natural",-0.0682713442219982,-0.0732676968542324,-0.063274991589764,1.23020208226022e-154
"663","slope","Suburban",-0.0450022684264618,-0.0497323860132966,-0.040272150839627,8.39898778421793e-77
"664","slope","Urban",-0.0277364982386573,-0.0336696628124742,-0.0218033336648405,5.63597097067191e-20
"665","slope","Natural",-0.0680926997540065,-0.0731243913165171,-0.0630610081914959,8.92355846096181e-152
"666","slope","Suburban",-0.0430808188468869,-0.0478450759145113,-0.0383165617792625,1.25178103910667e-69
"667","slope","Urban",-0.0257601639261296,-0.031683063233823,-0.0198372646184361,1.66213037979704e-17
"668","slope","Natural",-0.0670555283082301,-0.0720781682565329,-0.0620328883599273,7.43774429484796e-148
"669","slope","Suburban",-0.0432829776533483,-0.0480391463669385,-0.0385268089397581,1.72032379094087e-70
"670","slope","Urban",-0.0283666993443642,-0.034279485346254,-0.0224539133424743,5.96469694230516e-21
"671","slope","Natural",-0.0678785881262578,-0.0728924705938781,-0.0628647056586375,6.83138911888919e-152
"672","slope","Suburban",-0.0424038575216101,-0.0471512447449427,-0.0376564702982775,5.34425802462397e-68
"673","slope","Urban",-0.0278524945194867,-0.0337174836233978,-0.0219875054155756,1.46107587114414e-20
"674","slope","Natural",-0.0691962409283131,-0.0741698178786915,-0.0642226639779347,4.1014473966917e-160
"675","slope","Suburban",-0.0436555511186039,-0.0483646803254156,-0.0389464219117922,4.71512574663365e-73
"676","slope","Urban",-0.0264819583549617,-0.0323925588226371,-0.0205713578872862,1.7635082392811e-18
"677","slope","Natural",-0.0677257603737536,-0.0727375118930563,-0.0627140088544509,2.34403435863521e-151
"678","slope","Suburban",-0.0424745393115754,-0.0472225766753395,-0.0377265019478113,3.36690085744517e-68
"679","slope","Urban",-0.0298010279402456,-0.035714220265378,-0.0238878356151132,6.00004354505225e-23
"680","slope","Natural",-0.0679808533519992,-0.0729964845959359,-0.0629652221080624,3.12435689641477e-152
"681","slope","Suburban",-0.0441505965971248,-0.0488984549113618,-0.0394027382828877,1.72740764654069e-73
"682","slope","Urban",-0.0294882987432918,-0.0354116659520501,-0.0235649315345335,1.96743856657671e-22
"683","slope","Natural",-0.0678153707490858,-0.0728398752725844,-0.0627908662255872,5.32320231844389e-151
"684","slope","Suburban",-0.0426227606813347,-0.0473796178434558,-0.0378659035192136,2.05575552864088e-68
"685","slope","Urban",-0.0326977718123971,-0.0386237731238233,-0.0267717705009709,3.61536152281735e-27
"686","slope","Natural",-0.0690432501132308,-0.0740697013378669,-0.0640167988885948,3.29577842575263e-156
"687","slope","Suburban",-0.0419976049013865,-0.0467555523509798,-0.0372396574517932,1.83141727557306e-66
"688","slope","Urban",-0.027891682338526,-0.033803583396586,-0.0219797812804661,2.57876368968386e-20
"689","slope","Natural",-0.0685528117357673,-0.0735668012113349,-0.0635388222601996,8.19040018941525e-155
"690","slope","Suburban",-0.0425667699658947,-0.0473144704839185,-0.037819069447871,1.70665309357855e-68
"691","slope","Urban",-0.0310070420846294,-0.0369427459443598,-0.0250713382248989,1.57295177463577e-24
"692","slope","Natural",-0.06833477359674,-0.0733684931957794,-0.0633010539977005,1.06050690879849e-152
"693","slope","Suburban",-0.0431159034885718,-0.0478833702844115,-0.038348436692732,1.1985459959214e-69
"694","slope","Urban",-0.0316372973061084,-0.037563461294101,-0.0257111333181157,1.52381290391219e-25
"695","slope","Natural",-0.0685673625666158,-0.0735919696143014,-0.0635427555189302,3.02871341469757e-154
"696","slope","Suburban",-0.0439999257041114,-0.0487588719610905,-0.0392409794471324,1.11740490731724e-72
"697","slope","Urban",-0.028518184382653,-0.0344234252722486,-0.0226129434930573,3.30323488198396e-21
"698","slope","Natural",-0.0683268197117423,-0.0733342227240679,-0.0633194166994167,3.20934419213287e-154
"699","slope","Suburban",-0.0418678836595742,-0.0466100817628247,-0.0371256855563238,1.71533228403835e-66
"700","slope","Urban",-0.0287170832896871,-0.0346261853964311,-0.0228079811829432,1.86669756385423e-21
"701","slope","Natural",-0.0667522012879002,-0.0717629970230884,-0.061741405552712,3.09633081138268e-147
"702","slope","Suburban",-0.0425391614921612,-0.0472838449709818,-0.0377944780133406,1.71347690050267e-68
"703","slope","Urban",-0.0302476898187427,-0.0361733003274911,-0.0243220793099944,1.68863571653457e-23
"704","slope","Natural",-0.0674788062489821,-0.0725022978870158,-0.0624553146109484,1.29434510928351e-149
"705","slope","Suburban",-0.042408184430135,-0.0471652439367364,-0.0376511249235336,9.56602321716961e-68
"706","slope","Urban",-0.0297000170288247,-0.0355992572674884,-0.023800776790161,6.63836710269834e-23
"707","slope","Natural",-0.0675213739398862,-0.0725245321288207,-0.0625182157509516,5.64417312253183e-151
"708","slope","Suburban",-0.0421386810260151,-0.0468757272387195,-0.0374016348133107,1.82847566971442e-67
"709","slope","Urban",-0.0283307152487935,-0.0342494804805886,-0.0224119500169985,7.30196082387106e-21
"710","slope","Natural",-0.0678986267934512,-0.0729176280390682,-0.0628796255478342,1.11464474000363e-151
"711","slope","Suburban",-0.0415049323875739,-0.0462603681879505,-0.0367494965871972,4.90255870450304e-65
"712","slope","Urban",-0.0280498638100969,-0.0339347741698835,-0.0221649534503103,1.05984633310033e-20
"713","slope","Natural",-0.068999990774832,-0.0739894078069755,-0.0640105737426885,2.90443413630058e-158
"714","slope","Suburban",-0.0416639693154261,-0.0463904114848768,-0.0369375271459754,2.71117890841431e-66
"715","slope","Urban",-0.0297623529596604,-0.0356639457443803,-0.0238607601749406,5.62134262881347e-23
"716","slope","Natural",-0.0681145725223948,-0.0731185272036997,-0.0631106178410899,1.68349994527029e-153
"717","slope","Suburban",-0.0417361390295031,-0.0464743178274862,-0.0369979602315199,3.37909657345632e-66
"718","slope","Urban",-0.0291917372327672,-0.0350929634387805,-0.0232905110267539,3.60181299755835e-22
"719","slope","Natural",-0.068721568687286,-0.0737278496651584,-0.0637152877094135,5.17425031794477e-156
"720","slope","Suburban",-0.0423478284820736,-0.0470896846951129,-0.0376059722690343,5.60257045130822e-68
"721","slope","Urban",-0.0306875657414511,-0.0365799719409076,-0.0247951595419946,2.16227521386799e-24
"722","slope","Natural",-0.0672798637071114,-0.0722761161955119,-0.0622836112187108,2.46736171844978e-150
"723","slope","Suburban",-0.042433593345815,-0.0471637439252778,-0.0377034427663521,1.43508171790542e-68
"724","slope","Urban",-0.0281820468149645,-0.0341020840734088,-0.0222620095565202,1.18260393598157e-20
"725","slope","Natural",-0.0667715043323757,-0.0717919527344347,-0.0617510559303167,9.0267331158391e-147
"726","slope","Suburban",-0.0401642426555199,-0.0449190665097923,-0.0354094188012474,4.55659338583667e-61
"727","slope","Urban",-0.0269554680625103,-0.0328705834941737,-0.021040352630847,4.6158328115323e-19
"728","slope","Natural",-0.0676333829342585,-0.0726485811387925,-0.0626181847297245,9.31179756794756e-151
"729","slope","Suburban",-0.0428593564510018,-0.0476089305205607,-0.038109782381443,2.36871390646557e-69
"730","slope","Urban",-0.0280299541745348,-0.033940902365817,-0.0221190059832526,1.6582461286849e-20
"731","slope","Natural",-0.0683910552862989,-0.0734047327503671,-0.0633773778222308,3.97820524806899e-154
"732","slope","Suburban",-0.0416053704596588,-0.046352783335672,-0.0368579575836457,1.49319240256009e-65
"733","slope","Urban",-0.0301042753287669,-0.0360023976298233,-0.0242061530277104,1.70618786379746e-23
"734","slope","Natural",-0.0680550899224359,-0.0730555257033933,-0.0630546541414785,1.89085580698876e-153
"735","slope","Suburban",-0.0422064124693358,-0.046939785208416,-0.0374730397302556,8.94692740633384e-68
"736","slope","Urban",-0.0297539630838218,-0.0356743738801463,-0.0238335522874974,7.88829613693158e-23
"737","slope","Natural",-0.0690968452742077,-0.0741189149309563,-0.0640747756174591,1.04776602383915e-156
"738","slope","Suburban",-0.0434923873996987,-0.0482476032329075,-0.03873717156649,3.54001357924441e-71
"739","slope","Urban",-0.030133059998645,-0.0360651345098262,-0.0242009854874638,2.75265687049758e-23
"740","slope","Natural",-0.066640181564198,-0.0716695395291426,-0.0616108235992533,1.03001909617695e-145
"741","slope","Suburban",-0.0405870509217783,-0.0453488376103622,-0.0358252642331944,3.89831821037772e-62
"742","slope","Urban",-0.0304818050298822,-0.0364041942982827,-0.0245594157614818,7.31920849594604e-24
"743","slope","Natural",-0.0679278435361283,-0.0729501460313135,-0.0629055410409431,1.29876156716626e-151
"744","slope","Suburban",-0.0429134369746325,-0.0476683118016922,-0.0381585621475729,2.26466839992214e-69
"745","slope","Urban",-0.029109624174682,-0.0350222574695936,-0.0231969908797703,5.62801942661498e-22
"746","slope","Natural",-0.0683903039612847,-0.0734035794015551,-0.0633770285210142,3.79390664197099e-154
"747","slope","Suburban",-0.0416653672698519,-0.046413557014346,-0.0369171775253578,1.02949735973374e-65
"748","slope","Urban",-0.0268388340863578,-0.0327403386825684,-0.0209373294901471,5.43312816567029e-19
"749","slope","Natural",-0.0674751222247372,-0.0724794577472499,-0.0624707867022245,1.04669282537596e-150
"750","slope","Suburban",-0.0413407221228759,-0.0460790751830563,-0.0366023690626954,5.44741577101868e-65
"751","slope","Urban",-0.028265548469664,-0.0341659298537322,-0.0223651670855959,6.7975013426691e-21
"752","slope","Natural",-0.0680988137201577,-0.0731018142607341,-0.0630958131795814,1.73091368598341e-153
"753","slope","Suburban",-0.0418734791026437,-0.0466117121650524,-0.037135246040235,1.28811706548318e-66
"754","slope","Urban",-0.0310602903063059,-0.0369783285352953,-0.0251422520773166,9.57807085488688e-25
"755","slope","Natural",-0.0689081984641335,-0.0739287122573747,-0.0638876846708923,5.64764115131486e-156
"756","slope","Suburban",-0.0432280839083039,-0.0479810289448494,-0.0384751388717584,2.06967052185536e-70
"757","slope","Urban",-0.0284496982214358,-0.0343651476595428,-0.0225342487833288,4.78541413951011e-21
"758","slope","Natural",-0.0684013738522496,-0.0734176733358537,-0.0633850743686456,5.13060583323515e-154
"759","slope","Suburban",-0.0426106884917094,-0.0473607468571328,-0.0378606301262859,1.45048736322495e-68
"760","slope","Urban",-0.03063425490362,-0.0365491976703519,-0.024719312136888,3.85235367259557e-24
"761","slope","Natural",-0.0692433076855377,-0.0742594096732741,-0.0642272056978013,1.03895066261799e-157
"762","slope","Suburban",-0.0423943190397853,-0.047143400239568,-0.0376452378400027,6.36913786877616e-68
"763","slope","Urban",-0.0289359777163822,-0.0348343225900676,-0.0230376328426967,7.84602066703413e-22
"764","slope","Natural",-0.0681068531901696,-0.073109529545337,-0.0631041768350022,1.52778247666485e-153
"765","slope","Suburban",-0.0415152812705073,-0.0462501171552015,-0.0367804453858131,1.29659210852888e-65
"766","slope","Urban",-0.0269848378254188,-0.0328779654476157,-0.0210917102032219,3.12944776514278e-19
"767","slope","Natural",-0.0684390635115693,-0.0734349427903318,-0.0634431842328068,2.1236022913145e-155
"768","slope","Suburban",-0.0422915412845622,-0.0470235627676949,-0.0375595198014295,4.47264020924435e-68
"769","slope","Urban",-0.0266425000706206,-0.0325609250875159,-0.0207240750537252,1.21974085919137e-18
"770","slope","Natural",-0.0692575896998648,-0.0742772990271263,-0.0642378803726033,1.48736282836807e-157
"771","slope","Suburban",-0.0428943251697781,-0.0476446972207712,-0.038143953118785,1.94016746691135e-69
"772","slope","Urban",-0.0304141459261705,-0.0363323408537901,-0.0244959509985508,8.5406143220404e-24
"773","slope","Natural",-0.0694003905503879,-0.0744201426428537,-0.064380638457922,3.52514849716208e-158
"774","slope","Suburban",-0.0440489333016551,-0.0488001800578296,-0.0392976865454806,4.61424839335853e-73
"775","slope","Urban",-0.0256863050547959,-0.0315814277226321,-0.0197911823869597,1.45314074003613e-17
"776","slope","Natural",-0.0687209357954051,-0.0737212592744709,-0.0637206123163393,2.27660253030336e-156
"777","slope","Suburban",-0.0429446985822394,-0.0476787611499418,-0.038210636014537,4.6507842684918e-70
"778","slope","Urban",-0.0268357602827463,-0.0327606482546523,-0.0209108723108402,7.515013104935e-19
"779","slope","Natural",-0.0687137848632979,-0.0737372427535717,-0.063690326973024,5.97141467625662e-155
"780","slope","Suburban",-0.0424592002355701,-0.0472155084805775,-0.0377028919905628,6.35203220820989e-68
"781","slope","Urban",-0.0297655343601661,-0.0356511825699637,-0.0238798861503685,4.26283885100668e-23
"782","slope","Natural",-0.0683557979327444,-0.073348504333893,-0.0633630915315957,3.17435690663267e-155
"783","slope","Suburban",-0.0433648641475018,-0.0480913298167299,-0.0386383984782736,1.31315914754001e-71
"784","slope","Urban",-0.0275315777133718,-0.0334125249780241,-0.0216506304487196,4.99607161768359e-20
"785","slope","Natural",-0.0687878689277111,-0.0737758577520732,-0.063799880103349,2.06231909356139e-157
"786","slope","Suburban",-0.0434911983824327,-0.0482129193673322,-0.0387694773975331,3.76500676522726e-72
"787","slope","Urban",-0.0316966339794801,-0.0376253905197494,-0.0257678774392108,1.30132445531965e-25
"788","slope","Natural",-0.0686167910084225,-0.0736435994477087,-0.0635899825691363,2.49607506392513e-154
"789","slope","Suburban",-0.0446235519124209,-0.049385307908024,-0.0398617959168178,1.35745142700508e-74
"790","slope","Urban",-0.0293280680139682,-0.0352817512614892,-0.0233743847664472,5.34183170131948e-22
"791","slope","Natural",-0.0693632088147782,-0.0744118901069477,-0.0643145275226087,2.84719300758402e-156
"792","slope","Suburban",-0.0437264849803571,-0.0485074542872877,-0.0389455156734266,3.57696725510432e-71
"793","slope","Urban",-0.029193277694157,-0.0350903177527641,-0.02329623763555,3.35141203232057e-22
"794","slope","Natural",-0.0683069446808622,-0.0733076459907389,-0.0633062433709855,1.56339495946124e-154
"795","slope","Suburban",-0.0420370358015153,-0.0467730460980841,-0.0373010255049465,3.5238642637675e-67
"796","slope","Urban",-0.0271060102873942,-0.0330281798457282,-0.0211838407290603,3.24198421831554e-19
"797","slope","Natural",-0.0678640048497757,-0.0728860497749191,-0.0628419599246323,2.36504459264412e-151
"798","slope","Suburban",-0.0420604756595534,-0.046815097532745,-0.0373058537863618,9.57505277825597e-67
"799","slope","Urban",-0.0332712321329768,-0.0391770357325628,-0.0273654285333908,3.00858856861985e-28
"800","slope","Natural",-0.0678395530061918,-0.0728468547823555,-0.0628322512300282,4.1457503909552e-152
"801","slope","Suburban",-0.0426043294860872,-0.0473467536839654,-0.037861905288209,9.29797233068873e-69
"802","slope","Urban",-0.02818441003952,-0.0340674437842347,-0.0223013762948052,6.75561369118453e-21
"803","slope","Natural",-0.0679327712179939,-0.0729211552130776,-0.0629443872229101,1.24323614870076e-153
"804","slope","Suburban",-0.0421111221404863,-0.0468363768657936,-0.0373858674151789,1.05355367276714e-67
"805","slope","Urban",-0.0310771480744572,-0.0369791842741362,-0.0251751118747783,6.77667635568972e-25
"806","slope","Natural",-0.0675413800358201,-0.0725463213478747,-0.0625364387237656,5.87655502995572e-151
"807","slope","Suburban",-0.0428526651838446,-0.047593975129762,-0.0381113552379272,1.45286016070407e-69
"808","slope","Urban",-0.0294398376258034,-0.0353467826562359,-0.0235328925953709,1.7654413846279e-22
"809","slope","Natural",-0.0682679433026348,-0.0732763404377006,-0.063259546167569,6.64019354900453e-154
"810","slope","Suburban",-0.0430192809820266,-0.0477616907103601,-0.038276871253693,4.68965382498957e-70
"811","slope","Urban",-0.028660721544746,-0.0345448312847036,-0.0227766118047883,1.51637370612288e-21
"812","slope","Natural",-0.0668897106214168,-0.071879162003089,-0.0619002592397445,4.78762964696211e-149
"813","slope","Suburban",-0.0421812920584776,-0.0469042637054573,-0.0374583204114978,5.51797755835282e-68
"814","slope","Urban",-0.0300232364105131,-0.0359374863466758,-0.0241089864743505,2.93408565862766e-23
"815","slope","Natural",-0.0669122173856113,-0.0719282471111262,-0.0618961876600964,1.27709352998783e-147
"816","slope","Suburban",-0.0431028396355921,-0.0478515779148914,-0.0383541013562928,3.88217291279668e-70
"817","slope","Urban",-0.0285448376750165,-0.0344461848205241,-0.022643490529509,2.86082431611275e-21
"818","slope","Natural",-0.0680030286646928,-0.073005402817024,-0.0630006545123616,4.14906676360689e-153
"819","slope","Suburban",-0.0426330777823432,-0.047372244747943,-0.0378939108167433,6.13314468068284e-69
"820","slope","Urban",-0.0301277915639559,-0.0360423528062983,-0.0242132303216135,2.08549778404854e-23
"821","slope","Natural",-0.0675230556224671,-0.0725384850494563,-0.0625076261954779,2.86493623755207e-150
"822","slope","Suburban",-0.0420503751396662,-0.0468010622071052,-0.0372996880722272,8.04476889632787e-67
"823","slope","Urban",-0.030207110035237,-0.0361402662249048,-0.0242739538455693,2.19453485293669e-23
"824","slope","Natural",-0.0685362040956234,-0.0735681663923669,-0.0635042417988799,1.12553304018893e-153
"825","slope","Suburban",-0.0434816593901569,-0.0482459021739239,-0.0387174166063899,6.95894296319157e-71
"826","slope","Urban",-0.0313674515718425,-0.0372518221327794,-0.0254830810109055,1.79378194481939e-25
"827","slope","Natural",-0.0686892860464106,-0.0736798311607901,-0.0636987409320312,8.02935981081705e-157
"828","slope","Suburban",-0.0439815285996098,-0.0487055570729869,-0.0392575001262327,1.16873857323707e-73
"829","slope","Urban",-0.0302702548012317,-0.0361787357075849,-0.0243617738948784,1.16982442800628e-23
"830","slope","Natural",-0.0679838220398375,-0.0729916744596507,-0.0629759696200244,1.05881199014978e-152
"831","slope","Suburban",-0.0421732907210945,-0.0469184415780948,-0.0374281398640942,2.38503035819522e-67
"832","slope","Urban",-0.0296143790343197,-0.0355204103208221,-0.0237083477478174,9.83659002671959e-23
"833","slope","Natural",-0.0685147821962836,-0.0735236641191944,-0.0635059002733727,5.95168165557715e-155
"834","slope","Suburban",-0.0411060772540539,-0.0458479463770383,-0.0363642081310695,3.43898204481111e-64
"835","slope","Urban",-0.0262265729741351,-0.0321300635931314,-0.0203230823551388,3.39230290614846e-18
"836","slope","Natural",-0.0687402284751144,-0.0737459282107902,-0.0637345287394386,3.95396217912793e-156
"837","slope","Suburban",-0.0423816694684531,-0.0471236077490943,-0.0376397311878118,4.4251106709909e-68
"838","slope","Urban",-0.0281329027467496,-0.0340545184448494,-0.0222112870486499,1.40995394230318e-20
"839","slope","Natural",-0.0680066606410616,-0.0730288811607692,-0.0629844401213541,5.87424748199991e-152
"840","slope","Suburban",-0.041246918297127,-0.0460035212502026,-0.0364903153440515,3.1412693067952e-64
"841","slope","Urban",-0.0297110388403953,-0.0356350154742898,-0.0237870622065008,9.62433186956696e-23
"842","slope","Natural",-0.0681732977941395,-0.0731967929362921,-0.0631498026519868,1.32911708753056e-152
"843","slope","Suburban",-0.0426571715835085,-0.0474166855317305,-0.0378976576352865,1.90606194869355e-68
"844","slope","Urban",-0.0274273759246016,-0.0333555357128672,-0.021499216136336,1.34103574896694e-19
"845","slope","Natural",-0.0669979827840202,-0.0720252899467237,-0.0619706756213168,2.40517321517472e-147
"846","slope","Suburban",-0.042113890578739,-0.0468742690785796,-0.0373535120788984,9.40803149844523e-67
"847","slope","Urban",-0.0292698145416853,-0.0351863950471125,-0.0233532340362581,3.57718300398083e-22
"848","slope","Natural",-0.0683626391280374,-0.0733807444516468,-0.063344533804428,9.67114707622429e-154
"849","slope","Suburban",-0.0441278791070214,-0.0488796078847395,-0.0393761503293032,2.66449873234311e-73
"850","slope","Urban",-0.0260795755225559,-0.0319973320331477,-0.0201618190119641,6.23911880838202e-18
"851","slope","Natural",-0.0681813289747862,-0.0731994192545818,-0.0631632386949907,5.90665589539322e-153
"852","slope","Suburban",-0.0423211762124101,-0.0470727585043247,-0.0375695939204954,1.25427997381344e-67
"853","slope","Urban",-0.0273757595259389,-0.0333107815801434,-0.0214407374717344,1.72364682010749e-19
"854","slope","Natural",-0.0674337657912318,-0.0724670108258236,-0.06240052075664,7.31093203444696e-149
"855","slope","Suburban",-0.0432467111791544,-0.0480120518901882,-0.0384813704681206,4.07801134115517e-70
"856","slope","Urban",-0.0281094016895019,-0.034013056614774,-0.0222057467642299,1.1630712469268e-20
"857","slope","Natural",-0.0676579954666842,-0.0726636320093717,-0.0626523589239967,2.02157748655973e-151
"858","slope","Suburban",-0.041716722263241,-0.04645900085519,-0.0369744436712919,4.99139475871062e-66
"859","slope","Urban",-0.0308383282969204,-0.036743366377619,-0.0249332902162218,1.6193001158495e-24
"860","slope","Natural",-0.0681677901559658,-0.0731745337533724,-0.0631610465585593,1.44493624901776e-153
"861","slope","Suburban",-0.0424815804107534,-0.0472236195858874,-0.0377395412356194,2.18283363079656e-68
"862","slope","Urban",-0.0278371881472949,-0.0337515478223508,-0.0219228284722389,3.16094569778654e-20
"863","slope","Natural",-0.0691924673980421,-0.074206837289094,-0.0641780975069902,1.36406126048644e-157
"864","slope","Suburban",-0.0420574147655062,-0.0468051208366948,-0.0373097086943177,6.35377817520778e-67
"865","slope","Urban",-0.029778504819548,-0.0356669392149078,-0.0238900704241882,4.27864608590999e-23
"866","slope","Natural",-0.068202860747254,-0.0731959051841171,-0.063209816310391,1.55473412711411e-154
"867","slope","Suburban",-0.0437753163217463,-0.0485014206067174,-0.0390492120367752,6.22865092274962e-73
"868","slope","Urban",-0.0265881835648907,-0.0324901424313132,-0.0206862246984682,1.15042048591428e-18
"869","slope","Natural",-0.067799828091606,-0.0728052934509722,-0.0627943627322398,4.80741715683407e-152
"870","slope","Suburban",-0.0427518500674343,-0.0474899029745883,-0.0380137971602803,2.42966533845145e-69
"871","slope","Urban",-0.0262777308915519,-0.032188688095774,-0.0203667736873298,3.21919440238603e-18
"872","slope","Natural",-0.0680729053662342,-0.0730860077180225,-0.0630598030144459,8.86360914380178e-153
"873","slope","Suburban",-0.0431475070106949,-0.0478956356228165,-0.0383993783985733,2.70086191414446e-70
"874","slope","Urban",-0.0299525539432362,-0.035878111688232,-0.0240269961982403,4.47582337370942e-23
"875","slope","Natural",-0.067380509514623,-0.0724066018440657,-0.0623544171851802,4.80944895316025e-149
"876","slope","Suburban",-0.0426030040967943,-0.0473635993864949,-0.0378424088070937,3.00254179868023e-68
"877","slope","Urban",-0.0281720788361863,-0.0340931001463701,-0.0222510575260025,1.23766070320704e-20
"878","slope","Natural",-0.06745787892656,-0.0724796389177684,-0.0624361189353517,1.26488882816692e-149
"879","slope","Suburban",-0.0429054669276967,-0.0476619470717762,-0.0381489867836171,2.66043901723802e-69
"880","slope","Urban",-0.0260891090974609,-0.0320117137499143,-0.0201665044450075,6.45552486209514e-18
"881","slope","Natural",-0.0692627910354948,-0.0742866728203385,-0.0642389092506511,2.52445292574583e-157
"882","slope","Suburban",-0.0427967534139738,-0.0475517461879838,-0.0380417606399638,5.26585591906607e-69
"883","slope","Urban",-0.0275349344462118,-0.03345382298434,-0.0216160459080836,8.49891269408695e-20
"884","slope","Natural",-0.0678995812304386,-0.0729191805885527,-0.0628799818723245,1.19600221902837e-151
"885","slope","Suburban",-0.0432966163227141,-0.0480485344799702,-0.0385446981654579,1.17777261746867e-70
"886","slope","Urban",-0.0265204564860764,-0.0324367248469637,-0.020604188125189,1.69702648482081e-18
"887","slope","Natural",-0.068469552569373,-0.073487161409359,-0.063451943729387,3.1010681608271e-154
"888","slope","Suburban",-0.0423180712398365,-0.0470694844735283,-0.0375666580061446,1.26858424398485e-67
"889","slope","Urban",-0.0310025803612934,-0.0369002861299206,-0.0251048745926661,8.09587993798793e-25
"890","slope","Natural",-0.068531638643567,-0.0735342045742315,-0.0635290727129026,2.10185392319252e-155
"891","slope","Suburban",-0.0426772615104917,-0.0474111452870727,-0.0379433777339106,3.17102307623503e-69
"892","slope","Urban",-0.0269907582128973,-0.032893733018115,-0.0210877834076797,3.51955268350965e-19
"893","slope","Natural",-0.0673959458283166,-0.0724027595178129,-0.0623891321388202,3.19733349589222e-150
"894","slope","Suburban",-0.0406983953793841,-0.0454384272496965,-0.0359583635090717,5.12163238692295e-63
"895","slope","Urban",-0.0274205040305604,-0.0333239783750894,-0.0215170296860314,9.67973171241302e-20
"896","slope","Natural",-0.0683879517939761,-0.0733946132843743,-0.0633812903035778,1.56904888601879e-154
"897","slope","Suburban",-0.0433231384031717,-0.0480629313219662,-0.0385833454843771,4.3469776805707e-71
"898","slope","Urban",-0.0278924597709957,-0.0337915039407893,-0.0219934156012022,2.13226802249986e-20
"899","slope","Natural",-0.067632349148105,-0.0726350429915241,-0.0626296553046859,1.75619010313983e-151
"900","slope","Suburban",-0.0419670843663878,-0.0467037263134595,-0.037230442419316,6.01763001470785e-67
"901","slope","Urban",-0.0289545263828565,-0.0348751167061049,-0.0230339360596082,1.04785772183467e-21
"902","slope","Natural",-0.067702718478488,-0.0727241372775177,-0.0626812996794584,1.07551017513581e-150
"903","slope","Suburban",-0.0425715551052867,-0.0473256589806413,-0.0378174512299321,2.48363576035684e-68
"904","slope","Urban",-0.0272614546440746,-0.0331597153576402,-0.0213631939305091,1.45806974425245e-19
"905","slope","Natural",-0.0675058252873341,-0.072506976552979,-0.0625046740216891,5.03210321290926e-151
"906","slope","Suburban",-0.0431990619346476,-0.0479359001164811,-0.038462223752814,8.81579992060332e-71
"907","slope","Urban",-0.0303566701311016,-0.0362753448860727,-0.0244379953761305,1.04362084372132e-23
"908","slope","Natural",-0.0685942304382414,-0.0736144199698854,-0.0635740409065975,1.26556020779947e-154
"909","slope","Suburban",-0.0431380995483145,-0.0478907020239894,-0.0383854970726395,3.87733334359895e-70
"910","slope","Urban",-0.0303258957324925,-0.0362061925714871,-0.0244455988934979,5.9619602213706e-24
"911","slope","Natural",-0.0675652325696577,-0.0725500624589735,-0.0625804026803419,3.06682779238615e-152
"912","slope","Suburban",-0.0426143794958348,-0.0473336792214855,-0.0378950797701841,1.9315598990482e-69
"913","slope","Urban",-0.0297695844687281,-0.0356758622823705,-0.0238633066550856,5.93314108190294e-23
"914","slope","Natural",-0.0681818205813237,-0.0731898200923932,-0.0631738210702541,1.49004170702055e-153
"915","slope","Suburban",-0.0417957515318648,-0.0465376665561725,-0.0370538365075571,2.80059014822533e-66
"916","slope","Urban",-0.0311180182637403,-0.0370305053461591,-0.0252055311813216,7.11387272104661e-25
"917","slope","Natural",-0.0691851251668507,-0.0741982094989703,-0.064172040834731,1.22830986512041e-157
"918","slope","Suburban",-0.0428569545346307,-0.0476040734899661,-0.0381098355792953,2.05517725441307e-69
"919","slope","Urban",-0.0264563539386256,-0.0323740632591926,-0.0205386446180587,2.08665881004502e-18
"920","slope","Natural",-0.0672338472377471,-0.0722528322516063,-0.0622148622238879,7.97457523019556e-149
"921","slope","Suburban",-0.0436934866808684,-0.0484456477569741,-0.0389413256047627,6.66501137384615e-72
"922","slope","Urban",-0.0280404948134461,-0.0339801147856898,-0.0221008748412024,2.43980513696079e-20
"923","slope","Natural",-0.0672836615755014,-0.0723207984977276,-0.0622465246532752,5.30474037351772e-148
"924","slope","Suburban",-0.0426699672255168,-0.0474389410432797,-0.0379009934077538,3.17831572753958e-68
"925","slope","Urban",-0.0265672120792979,-0.0324942547356024,-0.0206401694229934,1.70470469778772e-18
"926","slope","Natural",-0.0688098817914647,-0.0738352941401579,-0.0637844694427716,2.97986213621934e-155
"927","slope","Suburban",-0.0417841413168715,-0.0465430580053288,-0.0370252246284143,8.66761974203232e-66
"928","slope","Urban",-0.0286742945158723,-0.034574807490487,-0.0227737815412576,1.87293996697963e-21
"929","slope","Natural",-0.0683077247894078,-0.0733126914751898,-0.0633027581036258,2.78551548269444e-154
"930","slope","Suburban",-0.0428028031285575,-0.0475401705301898,-0.0380654357269253,1.60984793905155e-69
"931","slope","Urban",-0.0288551566786678,-0.034752226576653,-0.0229580867806826,9.96602684137711e-22
"932","slope","Natural",-0.0681305791508523,-0.0731313419757738,-0.0631298163259308,9.27193941133564e-154
"933","slope","Suburban",-0.0427183219772489,-0.0474518118598222,-0.0379848320946756,2.29942105905598e-69
"934","slope","Urban",-0.0292699642419691,-0.0351841897184923,-0.0233557387654458,3.44347543780503e-22
"935","slope","Natural",-0.0688130893172208,-0.0738277348408095,-0.0637984437936321,6.54344659557164e-156
"936","slope","Suburban",-0.045120714567301,-0.049869582992507,-0.040371846142095,1.32074221532065e-76
"937","slope","Urban",-0.0281228336251898,-0.0340213488047255,-0.0222243184456541,1.03329669108233e-20
"938","slope","Natural",-0.0684255918089718,-0.073429216016535,-0.0634219676014087,7.07851135366744e-155
"939","slope","Suburban",-0.0422292322317101,-0.0469674398835088,-0.0374910245799114,1.03369475073489e-67
"940","slope","Urban",-0.0301305609836505,-0.036044763942917,-0.0242163580243841,2.05391566106455e-23
"941","slope","Natural",-0.0688723801392106,-0.0738873518814891,-0.0638574083969321,3.7662523272276e-156
"942","slope","Suburban",-0.0405752295359934,-0.0453254130448372,-0.0358250460271495,2.15496698564827e-62
"943","slope","Urban",-0.0286597334570667,-0.0345521324733619,-0.0227673344407716,1.73025711412318e-21
"944","slope","Natural",-0.0677094390447171,-0.0727066796822948,-0.0627121984071394,3.89863368403877e-152
"945","slope","Suburban",-0.043540997241669,-0.0482718647040072,-0.0388101297793307,4.85002519475152e-72
"946","slope","Urban",-0.0262874006068144,-0.0322302378610137,-0.0203445633526151,4.71527322334586e-18
"947","slope","Natural",-0.067772367643747,-0.0728127242805639,-0.0627320110069301,6.69601151325535e-150
"948","slope","Suburban",-0.0413983210834959,-0.0461719488087057,-0.0366246933582861,3.06055352287317e-64
"949","slope","Urban",-0.0299828051163919,-0.0358856610970602,-0.0240799491357237,2.76946036531684e-23
"950","slope","Natural",-0.0688007043220082,-0.0738061488022537,-0.0637952598417628,2.0714797059704e-156
"951","slope","Suburban",-0.0429243786505747,-0.0476638333176908,-0.0381849239834586,7.67228845841273e-70
"952","slope","Urban",-0.0282254343179218,-0.0341478853221684,-0.0223029833136753,1.07098943593824e-20
"953","slope","Natural",-0.0684967182361332,-0.0735172358737602,-0.0634762005985062,3.51376022254428e-154
"954","slope","Suburban",-0.0425123106969276,-0.0472686577859697,-0.0377559636078855,4.36659123745789e-68
"955","slope","Urban",-0.0314084634790308,-0.0373011819835658,-0.0255157449744959,1.8157268055047e-25
"956","slope","Natural",-0.0673140173849445,-0.0723102739611321,-0.0623177608087569,1.75876148949676e-150
"957","slope","Suburban",-0.042596725894214,-0.0473278796143753,-0.0378655721740527,4.74353164112948e-69
"958","slope","Urban",-0.0310259144789994,-0.036948530664743,-0.0251032982932557,1.16893595503505e-24
"959","slope","Natural",-0.0688745074579937,-0.073896802108442,-0.0638522128075455,1.01388251653467e-155
"960","slope","Suburban",-0.0421547464223799,-0.0469090781552962,-0.0374004146894636,4.83856305185263e-67
"961","slope","Urban",-0.0302907307172092,-0.03619705445812,-0.0243844069762983,1.05270381374596e-23
"962","slope","Natural",-0.0682370418990096,-0.0732437455010832,-0.063230338296936,7.1783704838677e-154
"963","slope","Suburban",-0.0428958159221084,-0.0476372973356793,-0.0381543345085376,1.07629502003944e-69
"964","slope","Urban",-0.0296538246087977,-0.0355640422481529,-0.0237436069694426,9.25979517213052e-23
"965","slope","Natural",-0.0674156195182807,-0.0724281670759383,-0.0624030719606232,5.64977027780705e-150
"966","slope","Suburban",-0.0430956796759736,-0.0478432905015749,-0.0383480688503724,3.79689769676362e-70
"967","slope","Urban",-0.0284230444477498,-0.0343137042134136,-0.022532384682086,3.57213674718379e-21
"968","slope","Natural",-0.067249491221085,-0.0722452520618762,-0.0622537303802939,3.1256610477146e-150
"969","slope","Suburban",-0.042424442367288,-0.0471550173865651,-0.0376938673480109,1.57495550666851e-68
"970","slope","Urban",-0.0278143164342892,-0.0337235231838928,-0.0219051096846856,3.14752704437013e-20
"971","slope","Natural",-0.0674915315864136,-0.0725010973215639,-0.0624819658512634,1.78962054766686e-150
"972","slope","Suburban",-0.0419250076305659,-0.0466672196734824,-0.0371827955876495,1.14769783110351e-66
"973","slope","Urban",-0.0287051894352234,-0.034601002055393,-0.0228093768150538,1.57822749321808e-21
"974","slope","Natural",-0.06738696216867,-0.0723867162161241,-0.0623872081212159,1.36005011050587e-150
"975","slope","Suburban",-0.0422838765746913,-0.0470180127351996,-0.037549740414183,5.40599691580087e-68
"976","slope","Urban",-0.0300350264467598,-0.0359592906635679,-0.0241107622299517,3.33793040060213e-23
"977","slope","Natural",-0.0688902545543249,-0.0739142652974486,-0.0638662438112011,1.0964092123625e-155
"978","slope","Suburban",-0.0427017099332692,-0.0474602192767532,-0.0379432005897851,1.30151565589749e-68
"979","slope","Urban",-0.0275342016104941,-0.0334348657387888,-0.0216335374821993,6.57522639192875e-20
"980","slope","Natural",-0.06788657430136,-0.0728925333434574,-0.0628806152592625,2.1625918858576e-152
"981","slope","Suburban",-0.0413782051618303,-0.0461174206569988,-0.0366389896666618,4.42014715843715e-65
"982","slope","Urban",-0.0299234557407939,-0.0358113794476541,-0.0240355320339336,2.62150201478946e-23
"983","slope","Natural",-0.0680740532596435,-0.0730656147102693,-0.0630824918090176,4.6392878410619e-154
"984","slope","Suburban",-0.0429972808907963,-0.0477244408310293,-0.0382701209505634,2.01454259309376e-70
"985","slope","Urban",-0.0302919113523654,-0.036186644827377,-0.0243971778773537,8.58859058960664e-24
"986","slope","Natural",-0.0678291040142349,-0.0728270710431215,-0.0628311369853482,1.30017979943771e-152
"987","slope","Suburban",-0.0421124883575931,-0.0468471771453057,-0.0373777995698805,1.89761192390376e-67
"988","slope","Urban",-0.0304662229421528,-0.0363382676096424,-0.0245941782746633,3.20424690605851e-24
"989","slope","Natural",-0.0685105646097661,-0.0734907717564627,-0.0635303574630696,1.16300053013339e-156
"990","slope","Suburban",-0.0430414549329594,-0.0477567717195263,-0.0383261381463924,6.64424528571667e-71
"991","slope","Urban",-0.03129517259473,-0.037213802540605,-0.0253765426488551,4.32688956904657e-25
"992","slope","Natural",-0.0668383117462626,-0.0718576830745576,-0.0618189404179676,4.07853026429131e-147
"993","slope","Suburban",-0.0418844434317557,-0.046639548252163,-0.0371293386113485,3.39781750252576e-66
"994","slope","Urban",-0.0278252867907521,-0.0337464432985752,-0.0219041302829291,3.61698661291793e-20
"995","slope","Natural",-0.0683903516770644,-0.0734117145876186,-0.0633689887665102,1.14238114233248e-153
"996","slope","Suburban",-0.04232651909048,-0.047081761554751,-0.037571276626209,1.52126502938226e-67
"997","slope","Urban",-0.0279865415711981,-0.0339032615254694,-0.0220698216169268,2.06417710666657e-20
"998","slope","Natural",-0.0673086276302006,-0.0723253883200121,-0.062291866940389,2.84430468787955e-149
"999","slope","Suburban",-0.0427417272757886,-0.0474936256295623,-0.0379898289220148,6.39681661589408e-69
"1000","slope","Urban",-0.0310760139471651,-0.036984757005991,-0.0251672708883392,7.67931231860191e-25
"1001","slope","Natural",-0.0668833466119585,-0.071895996283587,-0.06187069694033,1.08949333776659e-147
"1002","slope","Suburban",-0.0419940140462615,-0.0467371055762107,-0.0372509225163123,7.45030432572691e-67
"1003","slope","Urban",-0.0318101278459289,-0.0377094814957155,-0.0259107741961422,5.04078619829205e-26
"1004","slope","Natural",-0.0679361952861104,-0.0729393532663635,-0.0629330373058574,9.00926597921768e-153
"1005","slope","Suburban",-0.0437534304228942,-0.0484900802495766,-0.0390167805962117,1.50426778648154e-72
"1006","slope","Urban",-0.0329956201341763,-0.0389067887482773,-0.0270844515200753,9.17884271371258e-28
"1007","slope","Natural",-0.0678384853838852,-0.0728504787949724,-0.062826491972798,7.89445987276772e-152
"1008","slope","Suburban",-0.0427167543588339,-0.0474637561464158,-0.037969752571252,5.58024820009275e-69
"1009","slope","Urban",-0.0284176292250065,-0.0343258657163159,-0.0225093927336971,4.74613608366864e-21
"1010","slope","Natural",-0.0688490737588337,-0.0738599219270449,-0.0638382255906225,2.68937881415843e-156
"1011","slope","Suburban",-0.0422074178087177,-0.0469515770466757,-0.0374632585707596,1.75882663700588e-67
"1012","slope","Urban",-0.0276319846796166,-0.0335361521371379,-0.0217278172220952,5.12477966120043e-20
"1013","slope","Natural",-0.0690630124871198,-0.0740698719724829,-0.0640561530017568,1.77314419499524e-157
"1014","slope","Suburban",-0.0443918171919721,-0.0491313609045454,-0.0396522734793987,1.61851820041811e-74
"1015","slope","Urban",-0.0258275970974847,-0.0317387741465879,-0.0199164200483814,1.18489179195822e-17
"1016","slope","Natural",-0.0678672811991056,-0.0728803789891377,-0.0628541834090734,6.87804958382612e-152
"1017","slope","Suburban",-0.0432013245346868,-0.0479487511555587,-0.0384538979138149,1.7468182399575e-70
"1018","slope","Urban",-0.0283569633447392,-0.0342647885600341,-0.0224491381294444,5.70715213173887e-21
"1019","slope","Natural",-0.0674490047616106,-0.0724587182476344,-0.0624392912755869,2.78244979423577e-150
"1020","slope","Suburban",-0.0414345598264972,-0.0461789036198456,-0.0366902160331488,4.07749765215889e-65
"1021","slope","Urban",-0.0288033259775325,-0.0347372952765812,-0.0228693566784837,2.0824900788581e-21
"1022","slope","Natural",-0.0675609616636301,-0.0725934973150038,-0.0625284260122563,1.90700895119618e-149
"1023","slope","Suburban",-0.04184067122505,-0.0466057430577196,-0.0370755993923803,8.51858804245273e-66
"1024","slope","Urban",-0.031341712483958,-0.037234684416134,-0.025448740551782,2.30112807848727e-25
"1025","slope","Natural",-0.0690206547820482,-0.0740173645988232,-0.0640239449652732,6.56870478333016e-158
"1026","slope","Suburban",-0.0420264037699935,-0.0467605192525601,-0.0372922882874268,3.37227039530019e-67
"1027","slope","Urban",-0.0281713417927339,-0.0340736995335145,-0.0222689840519534,9.40341597168582e-21
"1028","slope","Natural",-0.0695418284024369,-0.0745477794208725,-0.0645358773840013,1.19692251052589e-159
"1029","slope","Suburban",-0.0431294127443152,-0.0478699746276166,-0.0383888508610137,1.87066385569774e-70
"1030","slope","Urban",-0.0318670387423152,-0.0377907442327245,-0.0259433332519059,6.53997041796648e-26
"1031","slope","Natural",-0.0683196169321601,-0.0733442390654924,-0.0632949947988279,3.60331748874406e-153
"1032","slope","Suburban",-0.0427409013835032,-0.0474957504818432,-0.0379860522851632,7.77947283462514e-69
"1033","slope","Urban",-0.0302484015763281,-0.03615822836795,-0.0243385747847062,1.28773950497613e-23
"1034","slope","Natural",-0.0681312610299023,-0.0731404956801924,-0.0631220263796121,2.92586354628144e-153
"1035","slope","Suburban",-0.0424885834339014,-0.0472336483927011,-0.0377435184751017,2.51989679400786e-68
"1036","slope","Urban",-0.0275126449471003,-0.0334132679996344,-0.0216120218945661,7.01901594758053e-20
"1037","slope","Natural",-0.0678950658059699,-0.0728966890397601,-0.0628934425721798,1.10415121125885e-152
"1038","slope","Suburban",-0.0422491429424517,-0.0469865230697352,-0.0375117628151682,8.51282364180118e-68
"1039","slope","Urban",-0.027842395637605,-0.0337551523319081,-0.0219296389433018,3.03928237458709e-20
"1040","slope","Natural",-0.0690399042633164,-0.0740530726472166,-0.0640267358794162,5.40074939179166e-157
"1041","slope","Suburban",-0.0426811760888007,-0.047429304437601,-0.0379330477400004,7.74131322085499e-69
"1042","slope","Urban",-0.0260734233855988,-0.0319852371506683,-0.0201616096205292,5.88818359089739e-18
"1043","slope","Natural",-0.0670112918494544,-0.0720265960224143,-0.0619959876764945,4.38973656341064e-148
"1044","slope","Suburban",-0.0420245241486157,-0.0467736473071232,-0.0372754009901082,8.75561605731005e-67
"1045","slope","Urban",-0.0300685653009476,-0.0359754240951379,-0.0241617065067572,2.22877348826336e-23
"1046","slope","Natural",-0.0682706858341507,-0.0732800365558153,-0.063261335112486,7.35563718661244e-154
"1047","slope","Suburban",-0.0427313841217404,-0.0474746440718428,-0.037988124171638,3.94510767724702e-69
"1048","slope","Urban",-0.0279619230824899,-0.0338567525274201,-0.0220670936375596,1.61547173323322e-20
"1049","slope","Natural",-0.0685532154913024,-0.0735532685000563,-0.0635531624825486,1.19496787311018e-155
"1050","slope","Suburban",-0.0420880902727909,-0.0468231259631792,-0.0373530545824025,2.30674536889482e-67
"1051","slope","Urban",-0.0290625149234423,-0.0349773975561631,-0.0231476322907216,6.7836640998804e-22
"1052","slope","Natural",-0.0680321021970594,-0.0730487435815929,-0.0630154608125259,2.14933172759977e-152
"1053","slope","Suburban",-0.0422438681664182,-0.0469930650400526,-0.0374946712927838,1.8664334258373e-67
"1054","slope","Urban",-0.0291268678474528,-0.0350541946439634,-0.0231995410509422,6.71430121037934e-22
"1055","slope","Natural",-0.0685927237994864,-0.073618789144896,-0.0635666584540769,2.86773873893538e-154
"1056","slope","Suburban",-0.0419202147468639,-0.0466803783149151,-0.0371600511788127,3.61347022692656e-66
"1057","slope","Urban",-0.0282220043719121,-0.0341282871859534,-0.0223157215578709,8.5106260394087e-21
"1058","slope","Natural",-0.0685389118368092,-0.0735464914031984,-0.06353133227042,3.90070806774682e-155
"1059","slope","Suburban",-0.0434113067332684,-0.0481530694528947,-0.0386695440136421,2.60662736292513e-71
"1060","slope","Urban",-0.0281850530887456,-0.0340869973926962,-0.022283108784795,8.95354337626285e-21
"1061","slope","Natural",-0.0680443358759338,-0.0730485451854868,-0.0630401265663809,3.52392181257733e-153
"1062","slope","Suburban",-0.0428948946148489,-0.0476331138430731,-0.0381566753866247,8.75629311004294e-70
"1063","slope","Urban",-0.0280140405744299,-0.033906841298959,-0.0221212398499007,1.33288254344583e-20
"1064","slope","Natural",-0.0678509703348051,-0.0728476750367908,-0.0628542656328194,8.7951495101391e-153
"1065","slope","Suburban",-0.0425664169726453,-0.047298128141885,-0.0378347058034057,6.11505960874197e-69
"1066","slope","Urban",-0.0298582637942457,-0.0357456223935844,-0.0239709051949069,3.2251793744959e-23
"1067","slope","Natural",-0.066261018519312,-0.0712529977737009,-0.061269039264923,3.29613301513021e-146
"1068","slope","Suburban",-0.0413825649611924,-0.0461096132654577,-0.0366555166569272,2.03769293296431e-65
"1069","slope","Urban",-0.0295101348612579,-0.0354359842261328,-0.0235842854963831,1.9078921531192e-22
"1070","slope","Natural",-0.0678275387748487,-0.0728516155539819,-0.0628034619957154,4.45645176673201e-151
"1071","slope","Suburban",-0.0418273639940429,-0.0465856719080681,-0.0370690560800176,6.17301063314113e-66
"1072","slope","Urban",-0.0285022263724622,-0.0344444729166345,-0.0225599798282899,6.0737705368329e-21
"1073","slope","Natural",-0.0681425379117341,-0.0731822356075736,-0.0631028402158945,1.59269233163704e-151
"1074","slope","Suburban",-0.0426769962471753,-0.047447910362301,-0.0379060821320497,3.41994166392345e-68
"1075","slope","Urban",-0.0293660199339871,-0.0352714734250553,-0.0234605664429188,2.19096255416497e-22
"1076","slope","Natural",-0.0677516995935265,-0.0727592144205675,-0.0627441847664855,1.02453189270968e-151
"1077","slope","Suburban",-0.0430247950299175,-0.0477678231060191,-0.0382817669538159,4.69287888091189e-70
"1078","slope","Urban",-0.0293867921557386,-0.0352950175106672,-0.02347856680081,2.14176933249407e-22
"1079","slope","Natural",-0.067664800278923,-0.072676666741819,-0.0626529338160269,4.36222476196902e-151
"1080","slope","Suburban",-0.0426575827566523,-0.047401624241616,-0.0379135412716886,7.04547785670867e-69
"1081","slope","Urban",-0.0296788852942144,-0.0355797045920031,-0.0237780659964258,7.30472144813329e-23
"1082","slope","Natural",-0.0671063278736758,-0.072110002500751,-0.0621026532466006,3.70480182644069e-149
"1083","slope","Suburban",-0.0428642075987809,-0.0476030762362357,-0.0381253389613261,1.14001558188767e-69
"1084","slope","Urban",-0.0304069834356122,-0.0363082509951449,-0.0245057158760794,6.53072794811033e-24
"1085","slope","Natural",-0.0679215630809737,-0.0729261139397317,-0.0629170122222158,1.26042125681926e-152
"1086","slope","Suburban",-0.0426268601487862,-0.047366164879846,-0.0378875554177264,6.47088703683868e-69
"1087","slope","Urban",-0.028849178192095,-0.0347298867213129,-0.0229684696628771,7.85308654950368e-22
"1088","slope","Natural",-0.068224607676604,-0.0732127464574396,-0.0632364688957684,6.34835857058171e-155
"1089","slope","Suburban",-0.0422282158947751,-0.0469506250906584,-0.0375058066988919,3.804573109169e-68
"1090","slope","Urban",-0.0273537090347754,-0.0332695228599719,-0.0214378952095789,1.40984696246569e-19
"1091","slope","Natural",-0.0677316945989511,-0.0727497987389586,-0.0627135904589436,5.17977195782658e-151
"1092","slope","Suburban",-0.0436572482469683,-0.0484078997153757,-0.0389065967785608,7.8482508478586e-72
"1093","slope","Urban",-0.0288762204565707,-0.0347695946385784,-0.0229828462745631,8.79003036792622e-22
"1094","slope","Natural",-0.0682765127225526,-0.0732738698053021,-0.0632791556398031,1.34089749612833e-154
"1095","slope","Suburban",-0.0431661068273337,-0.0478984399161142,-0.0384337737385531,8.30893953808232e-71
"1096","slope","Urban",-0.0269632019427354,-0.0328710367285982,-0.0210553671568727,4.08480199490848e-19
"1097","slope","Natural",-0.0678081963714528,-0.0728199543106855,-0.0627964384322201,1.03341202602582e-151
"1098","slope","Suburban",-0.0414727003330743,-0.0462160471252853,-0.0367293535408633,2.94097446605058e-65
"1099","slope","Urban",-0.0285066593379579,-0.0344145672571966,-0.0225987514187191,3.56773604372768e-21
"1100","slope","Natural",-0.0669966196421236,-0.0720072848450377,-0.0619859544392094,2.7554712775664e-148
"1101","slope","Suburban",-0.0418090215355134,-0.0465533755371326,-0.0370646675338942,2.96760147766708e-66
"1102","slope","Urban",-0.0287289195006098,-0.0346593782702391,-0.0227984607309805,2.49606429943938e-21
"1103","slope","Natural",-0.0688364983375693,-0.0738639863628121,-0.0638090103123265,3.03427513555714e-155
"1104","slope","Suburban",-0.0411934219244545,-0.0459543532268325,-0.0364324906220765,5.8818530249177e-64
"1105","slope","Urban",-0.0279660302908833,-0.0338762510328197,-0.0220558095489469,1.99986592369848e-20
"1106","slope","Natural",-0.0678358441553039,-0.0728490176245869,-0.062822670686021,9.4965329890861e-152
"1107","slope","Suburban",-0.0416616212245453,-0.0464070943438767,-0.0369161481052139,8.94332481371229e-66
"1108","slope","Urban",-0.0302147834971574,-0.0361110864790107,-0.024318480515304,1.14301170310684e-23
"1109","slope","Natural",-0.0679963683644391,-0.0729964701573428,-0.0629962665715355,3.25474520996915e-153
"1110","slope","Suburban",-0.0415031344445019,-0.0462387721266927,-0.036767496762311,1.48306924603657e-65
"1111","slope","Urban",-0.0325947473633967,-0.0385142051071888,-0.0266752896196045,4.59463515595071e-27
"1112","slope","Natural",-0.0682669042145488,-0.0732866531717196,-0.063247155257378,3.14902735507331e-153
"1113","slope","Suburban",-0.0427562849424323,-0.0475100555289283,-0.0380025143559364,6.50271519849549e-69
"1114","slope","Urban",-0.0280911305354816,-0.0339895434429719,-0.0221927176279912,1.1390560736749e-20
"1115","slope","Natural",-0.0685066475730191,-0.0735064278465639,-0.0635068672994743,1.8403090736334e-155
"1116","slope","Suburban",-0.0429764804300732,-0.0477137124634877,-0.0382392483966587,4.54988700671095e-70
"1117","slope","Urban",-0.0316683658563366,-0.0375762678372848,-0.0257604638753884,9.73397222026966e-26
"1118","slope","Natural",-0.0684298150672774,-0.0734399731222164,-0.0634196570123385,1.66476995295516e-154
"1119","slope","Suburban",-0.0421942192246793,-0.0469395117421149,-0.0374489267072438,2.07450876090552e-67
"1120","slope","Urban",-0.0274553875477984,-0.0333412281884963,-0.0215695469071005,6.7725189278792e-20
"1121","slope","Natural",-0.0693621690140417,-0.0743542071969319,-0.0643701308311515,1.04123406327471e-159
"1122","slope","Suburban",-0.0418996210697492,-0.0466260066154482,-0.0371732355240501,5.09722092071271e-67
"1123","slope","Urban",-0.0293009506707508,-0.0352186159743421,-0.0233832853671595,3.29167194843342e-22
"1124","slope","Natural",-0.0685087953837002,-0.0735275903376868,-0.0634900004297136,2.46041508288304e-154
"1125","slope","Suburban",-0.0420367986165034,-0.0467893844290115,-0.0372842128039953,9.96398998931701e-67
"1126","slope","Urban",-0.0298065636025742,-0.0357186503965965,-0.0238944768085519,5.78482826237834e-23
"1127","slope","Natural",-0.0670018496151529,-0.0720155752367498,-0.061988123993556,3.91455720675094e-148
"1128","slope","Suburban",-0.0433747269302554,-0.0481233660750935,-0.0386260877854174,5.37830983604876e-71
"1129","slope","Urban",-0.0315169617336409,-0.0374380635408718,-0.0255958599264099,2.10578620935467e-25
"1130","slope","Natural",-0.0685111404812229,-0.0735333140615239,-0.063488966900922,3.81486046602426e-154
"1131","slope","Suburban",-0.0419056712590634,-0.0466634538984482,-0.0371478886196785,3.45473702948869e-66
"1132","slope","Urban",-0.0284013873079578,-0.034311282150305,-0.0224914924656107,5.12149837664352e-21
"1133","slope","Natural",-0.0677127913098922,-0.0727242180910747,-0.0627013645287096,2.55388420344326e-151
"1134","slope","Suburban",-0.0429017878974818,-0.0476461439613776,-0.0381574318335859,1.24359002417496e-69
"1135","slope","Urban",-0.0281582380295617,-0.0340707946919488,-0.0222456813671746,1.13994983106897e-20
"1136","slope","Natural",-0.0679869301573112,-0.0730009792519617,-0.0629728810626606,2.37392272892166e-152
"1137","slope","Suburban",-0.0403622596523527,-0.0451104430153477,-0.0356140762893577,8.16616657664312e-62
"1138","slope","Urban",-0.0279388270047353,-0.0338552329664985,-0.0220224210429721,2.38089328058368e-20
"1139","slope","Natural",-0.0685010765563069,-0.073517104508405,-0.0634850486042088,1.82123090183924e-154
"1140","slope","Suburban",-0.0427314144238842,-0.047482958559011,-0.0379798702887575,6.73217429908429e-69
"1141","slope","Urban",-0.0261660836294519,-0.0320750264989642,-0.0202571407599397,4.33968636793447e-18
"1142","slope","Natural",-0.067061814067568,-0.0720745829192318,-0.0620490452159042,1.91301513666678e-148
"1143","slope","Suburban",-0.0427292465514476,-0.0474746584545054,-0.0379838346483898,4.60446260604196e-69
"1144","slope","Urban",-0.0285398411014938,-0.0344272778671708,-0.0226524043358168,2.34728330371407e-21
"1145","slope","Natural",-0.0680991809179325,-0.0730932365725418,-0.0631051252633231,5.07549363752667e-154
"1146","slope","Suburban",-0.0436294699602136,-0.0483582922144325,-0.0389006477059946,2.20177427849188e-72
"1147","slope","Urban",-0.0282884266471985,-0.034205600667548,-0.0223712526268491,8.13710563953823e-21
"1148","slope","Natural",-0.0675970352683786,-0.0726154360411135,-0.0625786344956438,2.04602199145108e-150
"1149","slope","Suburban",-0.0422115294435108,-0.0469642288966874,-0.0374588299903342,2.92462042631188e-67
"1150","slope","Urban",-0.0322264176043418,-0.0381519359694517,-0.0263008992392319,1.91478025978017e-26
"1151","slope","Natural",-0.0677531247652756,-0.0727764552981877,-0.0627297942323635,8.42441568018732e-151
"1152","slope","Suburban",-0.0413736404954838,-0.0461319494247266,-0.036615331566241,1.44925859684383e-64
"1153","slope","Urban",-0.027209819425284,-0.0331248255496552,-0.0212948133009129,2.15158974471859e-19
"1154","slope","Natural",-0.0683125825166195,-0.0733288865873089,-0.0632962784459301,1.24834019388502e-153
"1155","slope","Suburban",-0.0429491793002026,-0.0476985735428564,-0.0381997850575489,1.2271804049992e-69
"1156","slope","Urban",-0.0293454230034296,-0.0352630100731063,-0.0234278359337529,2.84745232731221e-22
"1157","slope","Natural",-0.0679212503717081,-0.0729385072583354,-0.0629039934850807,7.03658105496327e-152
"1158","slope","Suburban",-0.0441743612099388,-0.0489255663243433,-0.0394231560955342,1.82372465444804e-73
"1159","slope","Urban",-0.0302399503036083,-0.0361327329318959,-0.0243471676753207,9.88781796155137e-24
"1160","slope","Natural",-0.0689621575295838,-0.0739571666542336,-0.063967148404934,9.37840161554113e-158
"1161","slope","Suburban",-0.0427464295885069,-0.047478400779461,-0.0380144583975527,1.70068555481357e-69
"1162","slope","Urban",-0.0306395430822396,-0.0365480250159177,-0.0247310611485615,3.37941011960535e-24
"1163","slope","Natural",-0.0690334639925793,-0.0740442040210217,-0.0640227239641369,4.11170675082883e-157
"1164","slope","Suburban",-0.0420990323512796,-0.0468435936921683,-0.0373544710103909,3.88819489990259e-67
"1165","slope","Urban",-0.0288986454054407,-0.0348013242630107,-0.0229959665478707,9.46716336180886e-22
"1166","slope","Natural",-0.0696148173223291,-0.0746198467464584,-0.0646097878981998,4.98367850282289e-160
"1167","slope","Suburban",-0.0431450608959239,-0.0478836388350544,-0.0384064829567934,1.46475662926685e-70
"1168","slope","Urban",-0.0313140319515213,-0.0371980425665997,-0.0254300213364429,2.14649175638575e-25
"1169","slope","Natural",-0.0682696422697162,-0.073258789012575,-0.0632804955268575,4.63048058921124e-155
"1170","slope","Suburban",-0.0421963230339071,-0.0469218690430704,-0.0374707770247439,5.8410722909303e-68
"1171","slope","Urban",-0.0291105571156079,-0.0350121927624417,-0.0232089214687742,4.71258180838855e-22
"1172","slope","Natural",-0.068065533480541,-0.0730699779107263,-0.0630610890503557,2.94276246819326e-153
"1173","slope","Suburban",-0.0421024451536974,-0.0468432541067982,-0.0373616362005966,2.99786019486094e-67
"1174","slope","Urban",-0.0294196416571554,-0.0353327143143772,-0.0235065689999337,2.08185695158639e-22
"1175","slope","Natural",-0.0691867277392698,-0.0742017464482076,-0.0641717090303319,1.58282347945034e-157
"1176","slope","Suburban",-0.0430844443150936,-0.0478320074956326,-0.0383368811345546,4.10515374639821e-70
"1177","slope","Urban",-0.0283794301880471,-0.0342818652235409,-0.0224769951525532,4.90243814704788e-21
"1178","slope","Natural",-0.0680201095434348,-0.0730258654066355,-0.0630143536802341,5.5395504550341e-153
"1179","slope","Suburban",-0.0426666563960416,-0.0474051679828932,-0.0379281448091901,4.6192011802595e-69
"1180","slope","Urban",-0.0277300166424836,-0.0336204368007175,-0.0218395964842498,3.10764664605691e-20
"1181","slope","Natural",-0.0687912702107111,-0.0737849949370603,-0.063797545484362,4.44715559153738e-157
"1182","slope","Suburban",-0.0425370692173012,-0.0472663340681609,-0.0378078043664414,6.44656736077147e-69
"1183","slope","Urban",-0.0303310368237864,-0.0362342785239751,-0.0244277951235977,8.72208584881992e-24
"1184","slope","Natural",-0.0679455681760107,-0.0729518145232245,-0.0629393218287969,1.24796674369296e-152
"1185","slope","Suburban",-0.0413484152760015,-0.0460889673195344,-0.0366078632324686,5.90152798901946e-65
"1186","slope","Urban",-0.0279744307424722,-0.0338976201872406,-0.0220512412977037,2.35482382639873e-20
"1187","slope","Natural",-0.0689821710644323,-0.0740045673076022,-0.0639597748212625,3.47920786693463e-156
"1188","slope","Suburban",-0.043022393260323,-0.0477790688072543,-0.0382657177133917,1.16387985459754e-69
"1189","slope","Urban",-0.0322895952828253,-0.0382147809014171,-0.0263644096642334,1.52172001521896e-26
"1190","slope","Natural",-0.0693904698713105,-0.0744144477614306,-0.0643664919811904,7.03964275650763e-158
"1191","slope","Suburban",-0.0419635721071031,-0.0467212736475237,-0.0372058705666825,2.29035907864744e-66
"1192","slope","Urban",-0.0275119362391241,-0.0334229999316123,-0.0216008725466359,8.15916771634673e-20
"1193","slope","Natural",-0.0674154880465777,-0.0724262906912161,-0.0624046854019393,4.48623721142875e-150
"1194","slope","Suburban",-0.0432848538950432,-0.0480299323918074,-0.0385397753982791,8.16003068250431e-71
"1195","slope","Urban",-0.0292570426686651,-0.0351638366513401,-0.0233502486859901,3.18771290000051e-22
"1196","slope","Natural",-0.0683006699793953,-0.0733113595953017,-0.0632899803634888,6.54253345571632e-154
"1197","slope","Suburban",-0.0422225294690415,-0.0469673381179208,-0.0374777208201622,1.64627972755989e-67
"1198","slope","Urban",-0.0292063653841787,-0.035132369996255,-0.0232803607721024,5.09658985681568e-22
"1199","slope","Natural",-0.0674998984566902,-0.0725250927120615,-0.0624747042013188,1.31724042749524e-149
"1200","slope","Suburban",-0.0415678569210185,-0.0463262683386032,-0.0368094455034338,3.79219168227431e-65
"1201","slope","Urban",-0.0311897943110616,-0.0371032261299514,-0.0252763624921717,5.6563692298944e-25
"1202","slope","Natural",-0.0686497544892979,-0.0736671044674553,-0.0636324045111404,4.91102956567518e-155
"1203","slope","Suburban",-0.0425284530160608,-0.0472781038789627,-0.0377788021531588,2.54143692739575e-68
"1204","slope","Urban",-0.0272283267642503,-0.0331198015490851,-0.0213368519794156,1.46589380860596e-19
"1205","slope","Natural",-0.0677243994007631,-0.0727172032958506,-0.0627315955056756,1.83922241997897e-152
"1206","slope","Suburban",-0.0426145381207108,-0.0473447250203388,-0.0378843512210829,3.91920777968455e-69
"1207","slope","Urban",-0.0296079745741163,-0.0355107780632238,-0.0237051710850088,9.52625852757005e-23
"1208","slope","Natural",-0.0672432341482516,-0.0722500735518358,-0.0622363947446673,1.45655605502703e-149
"1209","slope","Suburban",-0.0429334519625969,-0.0476736070346623,-0.0381932968905314,7.52249950331781e-70
"1210","slope","Urban",-0.0291487004478353,-0.0350676733021686,-0.023229727593502,5.48766376172025e-22
"1211","slope","Natural",-0.0686653887364128,-0.0736849484048206,-0.0636458290680049,5.68606803887137e-155
"1212","slope","Suburban",-0.0425806334549936,-0.0473335287885679,-0.0378277381214193,2.15522563063427e-68
"1213","slope","Urban",-0.0299730938393676,-0.0358828742959236,-0.0240633133828116,3.21332288333964e-23
"1214","slope","Natural",-0.0689920215359772,-0.074004080678569,-0.0639799623933854,7.51337397834079e-157
"1215","slope","Suburban",-0.0436497991949334,-0.0483984243822539,-0.0389011740076128,7.23339131377593e-72
"1216","slope","Urban",-0.0301984442167734,-0.0361088412224542,-0.0242880472110926,1.53612665795495e-23
"1217","slope","Natural",-0.0680165853174913,-0.0730288791638369,-0.0630042914711458,1.39294082830458e-152
"1218","slope","Suburban",-0.043022198389891,-0.0477687910743033,-0.0382756057054787,6.0386544986708e-70
"1219","slope","Urban",-0.028795513106122,-0.0346951458857108,-0.0228958803265333,1.2554195179672e-21
"1220","slope","Natural",-0.0681583131763595,-0.0731620706436166,-0.0631545557091023,1.05749776756198e-153
"1221","slope","Suburban",-0.041880976909263,-0.0466186527051553,-0.0371433011133707,1.18006299515997e-66
"1222","slope","Urban",-0.0286126561237949,-0.0345230866339057,-0.0227022256136841,2.65273766923459e-21
"1223","slope","Natural",-0.0682576761877768,-0.0732686661488662,-0.0632466862266873,1.04809008882985e-153
"1224","slope","Suburban",-0.0443046312089737,-0.0490500824738985,-0.039559179944049,4.67126418219433e-74
"1225","slope","Urban",-0.0302540884390023,-0.0361635697023829,-0.0243446071756217,1.25607344156234e-23
"1226","slope","Natural",-0.0686321745344558,-0.0736453016851981,-0.0636190473837135,3.27838536449302e-155
"1227","slope","Suburban",-0.042440072157559,-0.0471857065706824,-0.0376944377444357,3.69338235603592e-68
"1228","slope","Urban",-0.0299554849633662,-0.0358723574708194,-0.024038612455913,3.83531990166102e-23
"1229","slope","Natural",-0.0686704565539289,-0.0736901186163244,-0.0636507944915334,5.47803080620192e-155
"1230","slope","Suburban",-0.0438720806581752,-0.0486248782131847,-0.0391192831031657,1.88169400867092e-72
"1231","slope","Urban",-0.0262282584882868,-0.0321543317988917,-0.0203021851776819,4.5149355657346e-18
"1232","slope","Natural",-0.0669280695599987,-0.071952496197363,-0.0619036429226344,3.2745329495e-147
"1233","slope","Suburban",-0.0430298577507509,-0.0477889241456361,-0.0382707913558656,1.28849167922876e-69
"1234","slope","Urban",-0.0322988678038904,-0.0382009736246563,-0.0263967619831245,9.40892769898215e-27
"1235","slope","Natural",-0.0677632822125852,-0.0727691542835948,-0.0627574101415756,7.31156408253753e-152
"1236","slope","Suburban",-0.0423217949270379,-0.0470614190537288,-0.037582170800347,5.85095972660234e-68
"1237","slope","Urban",-0.0299535247932441,-0.0358618355868209,-0.0240452139996674,3.34476058445787e-23
"1238","slope","Natural",-0.0676546620202107,-0.0726643811854708,-0.0626449428549506,3.61701330459392e-151
"1239","slope","Suburban",-0.0408467469012122,-0.0455910059689105,-0.0361024878335139,2.37291184953011e-63
"1240","slope","Urban",-0.0318999233431089,-0.0377755753570621,-0.0260242713291557,2.33121416169048e-26
"1241","slope","Natural",-0.0685314531664741,-0.0735142036994972,-0.063548702633451,1.34279006813627e-156
"1242","slope","Suburban",-0.0425769367825063,-0.0472946502119317,-0.037859223353081,2.28318353756604e-69
"1243","slope","Urban",-0.0301152012998424,-0.036044195716428,-0.0241862068832567,2.7728538294667e-23
"1244","slope","Natural",-0.0693322986104303,-0.0743604493331387,-0.0643041478877219,2.26825683583412e-157
"1245","slope","Suburban",-0.0437813335501895,-0.0485415879915057,-0.0390210791088733,6.04329036127219e-72
"1246","slope","Urban",-0.0280735574648728,-0.0339799892229545,-0.0221671257067912,1.35497843328643e-20
"1247","slope","Natural",-0.0673173051156414,-0.0723271802475108,-0.062307429983772,1.04784221900313e-149
"1248","slope","Suburban",-0.0418201237995676,-0.0465640676643172,-0.0370761799348179,2.67587620739021e-66
"1249","slope","Urban",-0.0273851782854529,-0.0332872416474,-0.0214831149235059,1.0565126898496e-19
"1250","slope","Natural",-0.068070191510993,-0.0730767389149333,-0.0630636441070526,3.73787535209347e-153
"1251","slope","Suburban",-0.0421821406311473,-0.0469230981785265,-0.0374411830837682,1.71923114111953e-67
"1252","slope","Urban",-0.0306463343310809,-0.0365900483770457,-0.0247026202851161,6.09529245123945e-24
"1253","slope","Natural",-0.0686583298888857,-0.0736980957635413,-0.0636185640142301,9.61307609410498e-154
"1254","slope","Suburban",-0.0430567115146451,-0.0478286009494413,-0.0382848220798488,2.43746585743485e-69
"1255","slope","Urban",-0.0286806101360454,-0.0345654530292431,-0.0227957672428476,1.4393093463781e-21
"1256","slope","Natural",-0.0664848393300021,-0.071476929949441,-0.0614927487105632,3.70495115808665e-147
"1257","slope","Suburban",-0.0412867978360262,-0.046015162598518,-0.0365584330735343,4.31875704543898e-65
"1258","slope","Urban",-0.0269116951902068,-0.0328168278333103,-0.0210065625471034,4.59219453378226e-19
"1259","slope","Natural",-0.0686820458390708,-0.0736920072961153,-0.0636720843820262,1.28253956740909e-155
"1260","slope","Suburban",-0.0436951783030444,-0.0484385246778003,-0.0389518319282885,3.63499322455683e-72
"1261","slope","Urban",-0.0304618568353137,-0.0363765931166696,-0.0245471205539579,6.85702067291908e-24
"1262","slope","Natural",-0.0676346429057818,-0.072649728084505,-0.0626195577270585,9.05422744783643e-151
"1263","slope","Suburban",-0.0438712778036595,-0.0486218451587819,-0.0391207104485372,1.62735818632495e-72
"1264","slope","Urban",-0.0283019497835749,-0.0342121537582431,-0.0223917458089067,7.02805640971963e-21
"1265","slope","Natural",-0.0678204652300727,-0.0728286563197637,-0.0628122741403817,5.65455618668942e-152
"1266","slope","Suburban",-0.0407074220594313,-0.0454516840449487,-0.035963160073914,6.17530245356681e-63
"1267","slope","Urban",-0.0270612484818839,-0.0329748508662102,-0.0211476460975575,3.29630874811066e-19
"1268","slope","Natural",-0.0684029914790045,-0.0734180533458106,-0.0633879296121983,4.2650004567529e-154
"1269","slope","Suburban",-0.0439467489106638,-0.0486964551246856,-0.039197042696642,8.81544498359978e-73
"1270","slope","Urban",-0.030090858954108,-0.0360116361059414,-0.0241700818022745,2.61771909868041e-23
"1271","slope","Natural",-0.0678460975603058,-0.0728670141881655,-0.0628251809324462,2.42721209047525e-151
"1272","slope","Suburban",-0.0407541937929924,-0.0455104207436463,-0.0359979668423385,9.04609985747677e-63
"1273","slope","Urban",-0.030199725757444,-0.0361177928049537,-0.0242816587099344,1.74260189715364e-23
"1274","slope","Natural",-0.0674921882596054,-0.0725114512071801,-0.0624729253120307,6.47476758748018e-150
"1275","slope","Suburban",-0.0421217843860135,-0.0468762238218875,-0.0373673449501396,6.1462481920953e-67
"1276","slope","Urban",-0.0283962202865644,-0.0343109483887096,-0.0224814921844193,5.598658242269e-21
"1277","slope","Natural",-0.067426577256498,-0.0724411918404436,-0.0624119626725524,6.67674349049127e-150
"1278","slope","Suburban",-0.0421170165757399,-0.0468674221174995,-0.0373666110339802,4.93929707618469e-67
"1279","slope","Urban",-0.029835628382729,-0.0357587801078502,-0.0239124766576078,6.31494015173069e-23
"1280","slope","Natural",-0.0684019823982082,-0.0734250852780478,-0.0633788795183685,1.28871484142615e-153
"1281","slope","Suburban",-0.0420898408519612,-0.0468464793095716,-0.0373332023943509,8.82823457896561e-67
"1282","slope","Urban",-0.0285628973215206,-0.0344514801865234,-0.0226743144565178,2.22019773329712e-21
"1283","slope","Natural",-0.0691377126487153,-0.0741318115259095,-0.0641436137715212,1.38049625507095e-158
"1284","slope","Suburban",-0.0431485071275683,-0.0478771489659618,-0.0384198652891747,7.3896189098687e-71
"1285","slope","Urban",-0.0280115519710935,-0.0339221575120799,-0.0221009464301071,1.74676624171088e-20
"1286","slope","Natural",-0.0682868293296831,-0.0732975816785496,-0.0632760769808167,7.58047050018764e-154
"1287","slope","Suburban",-0.0422132043006958,-0.0469583722576187,-0.037468036343773,1.79920093420897e-67
"1288","slope","Urban",-0.0268304179482107,-0.0327406468771231,-0.0209201890192982,6.26891273054576e-19
"1289","slope","Natural",-0.0671799870917653,-0.0721911561015254,-0.0621688180820052,4.8291494449387e-149
"1290","slope","Suburban",-0.0409322112204933,-0.0456783768941981,-0.0361860455467884,1.47583615487954e-63
"1291","slope","Urban",-0.0275263337094334,-0.0333961703916451,-0.0216564970272217,4.32453882417995e-20
"1292","slope","Natural",-0.0680716524999242,-0.0730483223703793,-0.063094982629469,6.10207825788823e-155
"1293","slope","Suburban",-0.0436442352271238,-0.0483589871418867,-0.0389294833123609,7.54940568027861e-73
"1294","slope","Urban",-0.0288015094908456,-0.0346834999079028,-0.0229195190737883,9.34161591699789e-22
"1295","slope","Natural",-0.0677377848116939,-0.072726343959626,-0.0627492256637618,9.02535203734431e-153
"1296","slope","Suburban",-0.0406186399448556,-0.045344323690999,-0.0358929561987123,3.79733132023756e-63
"1297","slope","Urban",-0.0278214181604794,-0.0337106243789955,-0.0219322119419634,2.30082115506901e-20
"1298","slope","Natural",-0.0684694331049312,-0.0734630277014838,-0.0634758385083787,1.13876299350404e-155
"1299","slope","Suburban",-0.0420971292966797,-0.0468280462466535,-0.0373662123467058,1.66729167274298e-67
"1300","slope","Urban",-0.0305403548968337,-0.0364537330609382,-0.0246269767327292,5.14428816824517e-24
"1301","slope","Natural",-0.0679010408386213,-0.0729144950091895,-0.0628875866680531,5.15663910933905e-152
"1302","slope","Suburban",-0.041504361998965,-0.0462530559292155,-0.0367556680687146,3.26738208518448e-65
"1303","slope","Urban",-0.0283347009434281,-0.0342605913313716,-0.0224088105554847,8.02122068388371e-21
"1304","slope","Natural",-0.0681509460709693,-0.0731760221131847,-0.063125870028754,2.05609149516674e-152
"1305","slope","Suburban",-0.0415794223674831,-0.0463379452987758,-0.0368208994361905,3.5233204001761e-65
"1306","slope","Urban",-0.0265190359608869,-0.0324182517032761,-0.0206198202184977,1.36049115009352e-18
"1307","slope","Natural",-0.0672137603478502,-0.072213058836675,-0.0622144618590255,7.14489169967803e-150
"1308","slope","Suburban",-0.0421969917395327,-0.0469313920154757,-0.0374625914635897,1.021309571357e-67
"1309","slope","Urban",-0.0313064189208565,-0.037211643806887,-0.0254011940348261,3.25854111736393e-25
"1310","slope","Natural",-0.0688901023546366,-0.0738971657825137,-0.0638830389267594,1.05071217079768e-156
"1311","slope","Suburban",-0.0433714755160384,-0.0481107075146721,-0.0386322435174047,2.94391782540945e-71
"1312","slope","Urban",-0.0290787726116317,-0.0349855767724504,-0.0231719684508131,5.66709315101553e-22
"1313","slope","Natural",-0.0686197067769524,-0.0736295618727238,-0.063609851681181,2.36671158674912e-155
"1314","slope","Suburban",-0.0432931024622393,-0.0480358474805275,-0.0385503574439512,6.5825674853526e-71
"1315","slope","Urban",-0.0278671749202252,-0.0337827447702744,-0.0219516050701761,2.93329912975024e-20
"1316","slope","Natural",-0.0686476075764256,-0.073663194890205,-0.0636320202626463,3.93640555544094e-155
"1317","slope","Suburban",-0.0406626145254564,-0.0454135192362291,-0.0359117098146837,1.23832851356037e-62
"1318","slope","Urban",-0.0305517523165698,-0.0364666393841398,-0.0246368652489998,5.08225920038056e-24
"1319","slope","Natural",-0.0685055621973624,-0.0735207295691085,-0.0634903948256164,1.54749969200709e-154
"1320","slope","Suburban",-0.0411831485356344,-0.0459350830380186,-0.0364312140332503,3.68960438016953e-64
"1321","slope","Urban",-0.031623351748893,-0.0375472568657216,-0.0256994466320644,1.53383657335744e-25
"1322","slope","Natural",-0.0674876517972717,-0.0725103808837762,-0.0624649227107672,1.07264374697195e-149
"1323","slope","Suburban",-0.0405362482434662,-0.0452931601301348,-0.0357793363567975,4.1510786127727e-62
"1324","slope","Urban",-0.0281697353403464,-0.0340834751082265,-0.0222559955724664,1.11934628231719e-20
"1325","slope","Natural",-0.0692023456712253,-0.0742158369662374,-0.0641888543762132,1.09208754553556e-157
"1326","slope","Suburban",-0.0419594462398653,-0.0467070910357293,-0.0372118014440013,1.26313574597353e-66
"1327","slope","Urban",-0.0304639871015625,-0.036380864486479,-0.024547109716646,7.06482337121889e-24
"1328","slope","Natural",-0.0689164663565435,-0.073934198646812,-0.063898734066275,3.53907550796789e-156
"1329","slope","Suburban",-0.0435052176864162,-0.0482572361960768,-0.0387531991767557,2.60653517355638e-71
"1330","slope","Urban",-0.0288016834274046,-0.0347129202048672,-0.022890446649942,1.47435915428575e-21
"1331","slope","Natural",-0.066786059700795,-0.0717985365900145,-0.0617735828115756,2.767005453497e-147
"1332","slope","Suburban",-0.0420693142188366,-0.0468173713347164,-0.0373212571029567,5.97147899261212e-67
"1333","slope","Urban",-0.0307555635181042,-0.036668387432711,-0.0248427396034973,2.46257146115879e-24
"1334","slope","Natural",-0.0683737936435794,-0.0733880408609556,-0.0633595464262032,5.11225249431191e-154
"1335","slope","Suburban",-0.0430174036119645,-0.0477664385173121,-0.0382683687066168,7.33381490528406e-70
"1336","slope","Urban",-0.029805504041463,-0.0357249287879204,-0.0238860792950057,6.5546738206967e-23
"1337","slope","Natural",-0.0674132178255656,-0.0724319278709604,-0.0623945077801707,1.3124014796727e-149
"1338","slope","Suburban",-0.0425065038666964,-0.0472600847548564,-0.0377529229785364,3.81716900156386e-68
"1339","slope","Urban",-0.028816978711053,-0.034728561429644,-0.0229053959924619,1.41184850018023e-21
"1340","slope","Natural",-0.0695777352226727,-0.0745910120710203,-0.064564458374325,2.33993389952804e-159
"1341","slope","Suburban",-0.0423096279714606,-0.0470561545857495,-0.0375631013571717,9.88786157032099e-68
"1342","slope","Urban",-0.0289733113690513,-0.0348592048695772,-0.0230874178685254,5.71342448006152e-22
"1343","slope","Natural",-0.0683849885005434,-0.073377222113845,-0.0633927548872418,2.2141504788125e-155
"1344","slope","Suburban",-0.0423377641782713,-0.047063591298068,-0.0376119370584745,2.16092412630396e-68
"1345","slope","Urban",-0.0251552717804922,-0.031066899671654,-0.0192436438893304,7.97803353562779e-17
"1346","slope","Natural",-0.0677462889740209,-0.0727580363238881,-0.0627345416241537,1.91110018435675e-151
"1347","slope","Suburban",-0.0419475747707675,-0.046693479900278,-0.0372016696412569,1.23233056981822e-66
"1348","slope","Urban",-0.0309372305574249,-0.0368648741421905,-0.0250095869726594,1.72805502726788e-24
"1349","slope","Natural",-0.0674979146827288,-0.0725263721356824,-0.0624694572297752,2.06937257831114e-149
"1350","slope","Suburban",-0.0418646440657495,-0.0466256264072935,-0.0371036617242054,5.6065591032473e-66
"1351","slope","Urban",-0.0264364529046738,-0.0323504619921229,-0.0205224438172247,2.10727251949978e-18
"1352","slope","Natural",-0.0677574076942405,-0.0727724704471783,-0.0627423449413027,2.66972995815896e-151
"1353","slope","Suburban",-0.042500429052927,-0.0472519790497936,-0.0377488790560605,3.50219334268733e-68
"1354","slope","Urban",-0.0295323746114785,-0.0354509431770637,-0.0236138060458933,1.57758257362961e-22
"1355","slope","Natural",-0.0683825855625762,-0.0734035650566407,-0.0633616060685118,1.17233745483384e-153
"1356","slope","Suburban",-0.0428528895155455,-0.0476064844250149,-0.0380992946060762,3.21880791669768e-69
"1357","slope","Urban",-0.028837560995712,-0.0347549543464781,-0.0229201676449459,1.44705818563878e-21
"1358","slope","Natural",-0.0685039869521558,-0.0735221459490594,-0.0634858279552521,2.3678792984032e-154
"1359","slope","Suburban",-0.0421851758307751,-0.0469382443150822,-0.037432107346468,3.6062005450918e-67
"1360","slope","Urban",-0.0303106867932105,-0.0362258922325094,-0.0243954813539116,1.14668112160567e-23
"1361","slope","Natural",-0.0682642995244188,-0.0732793835329008,-0.0632492155159367,1.71351125799189e-153
"1362","slope","Suburban",-0.043219157350662,-0.0479695124041957,-0.0384688022971283,1.86175057152588e-70
"1363","slope","Urban",-0.0313601891661094,-0.0372534594696675,-0.0254669188625514,2.16991854611045e-25
"1364","slope","Natural",-0.0685061021642114,-0.0735040645545883,-0.0635081397738345,1.4390254783177e-155
"1365","slope","Suburban",-0.0415545476176237,-0.0462878185970207,-0.0368212766382266,8.9400704259583e-66
"1366","slope","Urban",-0.0303025696097409,-0.0362066532511277,-0.0243984859683542,9.73572534206803e-24
"1367","slope","Natural",-0.0686442340534235,-0.0736515438490637,-0.0636369242577833,1.30093563705463e-155
"1368","slope","Suburban",-0.0416416020080928,-0.0463849359177602,-0.0368982680984253,9.02126528015042e-66
"1369","slope","Urban",-0.0312337281468396,-0.0371479372025544,-0.0253195190911249,4.93259678708795e-25
"1370","slope","Natural",-0.0684179221972383,-0.0734312008165164,-0.0634046435779602,2.87760488484789e-154
"1371","slope","Suburban",-0.0418620671849858,-0.0466083461523904,-0.0371157882175811,2.30276561161333e-66
"1372","slope","Urban",-0.0306572144466561,-0.0365538511895396,-0.0247605777037726,2.5838947726797e-24
"1373","slope","Natural",-0.0680976600919804,-0.0730983083516874,-0.0630970118322735,1.27065367384302e-153
"1374","slope","Suburban",-0.0420439328521524,-0.0467787529539125,-0.0373091127503923,3.1133252484278e-67
"1375","slope","Urban",-0.0262213740047348,-0.0321250811860675,-0.020317666823402,3.45376095043647e-18
"1376","slope","Natural",-0.0678431918481202,-0.0728494622497505,-0.0628369214464898,3.4793634031292e-152
"1377","slope","Suburban",-0.0427315716464861,-0.0474710899565447,-0.0379920533364275,3.09218677520889e-69
"1378","slope","Urban",-0.0295865573883177,-0.0354894081286398,-0.0236837066479956,1.02267157789432e-22
"1379","slope","Natural",-0.0688997233642481,-0.0739045050719216,-0.0638949416565745,6.93414805000536e-157
"1380","slope","Suburban",-0.0415343945988467,-0.0462732610755583,-0.0367955281221352,1.45262160111929e-65
"1381","slope","Urban",-0.0282945489236946,-0.0342184920607705,-0.0223706057866186,8.83051877279577e-21
"1382","slope","Natural",-0.0679076346431258,-0.0729296355347781,-0.0628856337514735,1.52428245633861e-151
"1383","slope","Suburban",-0.042707330172808,-0.0474630799954574,-0.0379515803501586,1.04766578669434e-68
"1384","slope","Urban",-0.0288658325712747,-0.0347856728554932,-0.0229459922870563,1.37376645654013e-21
"1385","slope","Natural",-0.0676778318414556,-0.072697946753219,-0.0626577169296923,1.1562109043433e-150
"1386","slope","Suburban",-0.0421426813032519,-0.0468960781894581,-0.0373892844170458,4.96924134580552e-67
"1387","slope","Urban",-0.027195794450759,-0.0331154849938893,-0.0212761039076287,2.39429795324313e-19
"1388","slope","Natural",-0.0683155025078085,-0.0733352672048221,-0.063295737810795,1.94248408947232e-153
"1389","slope","Suburban",-0.0410528404328707,-0.0458081918272065,-0.0362974890385348,1.11036398881782e-63
"1390","slope","Urban",-0.0254279389472828,-0.0313358635253235,-0.019520014369242,3.54808962886195e-17
"1391","slope","Natural",-0.0678538908384173,-0.0728632165231928,-0.0628445651536417,4.72316678271871e-152
"1392","slope","Suburban",-0.0416737756927958,-0.0464175804404191,-0.0369299709451725,7.41202085423036e-66
"1393","slope","Urban",-0.0285209882887169,-0.0344338067990992,-0.0226081697783345,3.67458289902194e-21
"1394","slope","Natural",-0.0682092818114072,-0.0732247759313143,-0.0631937876915,3.139980200659e-153
"1395","slope","Suburban",-0.0424541321300686,-0.0472025549479712,-0.037705709312166,3.99051369743542e-68
"1396","slope","Urban",-0.0291013857949122,-0.03500879637303,-0.0231939752167945,5.32023298428272e-22
"1397","slope","Natural",-0.0674921360706233,-0.0725035057691341,-0.0624807663721125,2.26348661066581e-150
"1398","slope","Suburban",-0.0423954527508355,-0.047139513354721,-0.03765139214695,4.59125176109969e-68
"1399","slope","Urban",-0.0301453543832948,-0.0360547752828255,-0.0242359334837641,1.80309076060826e-23
"1400","slope","Natural",-0.0691635296714234,-0.0741761602508332,-0.0641508990920136,1.43471090308185e-157
"1401","slope","Suburban",-0.0428381847957804,-0.0475847526790288,-0.038091616912532,2.26945221722512e-69
"1402","slope","Urban",-0.0287197948681079,-0.0346554307263323,-0.0227841590098836,2.78001433680715e-21
"1403","slope","Natural",-0.0685712216498821,-0.073605911264861,-0.0635365320349031,1.14966915670205e-153
"1404","slope","Suburban",-0.0418271319068354,-0.0465953726039594,-0.0370588912097114,1.13628854520794e-65
"1405","slope","Urban",-0.0325511610403146,-0.0384751143645473,-0.0266272077160818,5.86491872737773e-27
"1406","slope","Natural",-0.0681120850459095,-0.0731369353493166,-0.0630872347425025,2.9353039765142e-152
"1407","slope","Suburban",-0.0445008930125205,-0.0492595612588176,-0.0397422247662234,2.72232716374224e-74
"1408","slope","Urban",-0.0280225256945076,-0.0339452000659794,-0.0220998513230358,2.0149451271415e-20
"1409","slope","Natural",-0.0686936163718656,-0.0737166825549483,-0.0636705501887828,6.92745183661865e-155
"1410","slope","Suburban",-0.041675961936068,-0.0464318199855356,-0.0369201038866004,1.5291202668641e-65
"1411","slope","Urban",-0.0295073838637583,-0.0354305165168591,-0.0235842512106576,1.84230716495894e-22
"1412","slope","Natural",-0.0684660280258454,-0.0734887026289969,-0.0634433534226939,6.41063308767876e-154
"1413","slope","Suburban",-0.0419097562121249,-0.0466658780953201,-0.0371536343289297,3.0297623952363e-66
"1414","slope","Urban",-0.0278132999979463,-0.0337270742443849,-0.0218995257515077,3.37321249688089e-20
"1415","slope","Natural",-0.0670124062752208,-0.0720283250726399,-0.0619964874778018,4.70490123456261e-148
"1416","slope","Suburban",-0.0420819409606497,-0.046829229241596,-0.0373346526797034,5.20537178248472e-67
"1417","slope","Urban",-0.029410026491586,-0.0353426820495797,-0.0234773709335923,2.94194002328022e-22
"1418","slope","Natural",-0.0677940058417038,-0.0728243570624942,-0.0627636546209134,1.43382145590475e-150
"1419","slope","Suburban",-0.0426057421725625,-0.0473693967630804,-0.0378420875820446,3.57650884960586e-68
"1420","slope","Urban",-0.0314702238943097,-0.0374073208318727,-0.0255331269567467,3.31688223682114e-25
"1421","slope","Natural",-0.0689138361278277,-0.0739479725879341,-0.0638796996677213,3.47857475737418e-155
"1422","slope","Suburban",-0.0417567319450975,-0.0465257789968195,-0.0369876848933755,1.94779668796953e-65
"1423","slope","Urban",-0.0278522006270086,-0.0337684621116903,-0.0219359391423268,3.10256393324692e-20
"1424","slope","Natural",-0.0676249664662477,-0.0726410623381451,-0.0626088705943504,1.1407157764678e-150
"1425","slope","Suburban",-0.0416041495185797,-0.0463552956266922,-0.0368530034104673,1.8921531587505e-65
"1426","slope","Urban",-0.0268800756509442,-0.0327917900546884,-0.0209683612472,5.5177321751988e-19
"1427","slope","Natural",-0.0679954360791178,-0.0730106723319709,-0.0629801998262648,2.56159828026346e-152
"1428","slope","Suburban",-0.0424338732417981,-0.0471819172915808,-0.0376858291920155,4.50032228103356e-68
"1429","slope","Urban",-0.0284469204186359,-0.0343732058439055,-0.0225206349933663,5.68309610217206e-21
"1430","slope","Natural",-0.0687324788331427,-0.073756768136235,-0.0637081895300503,5.54877623137144e-155
"1431","slope","Suburban",-0.0433213867908441,-0.0480803733303389,-0.0385624002513492,1.56869501338677e-70
"1432","slope","Urban",-0.0295505681722135,-0.0354338698607277,-0.0236672664836992,8.33977140174679e-23
"1433","slope","Natural",-0.0691607963281315,-0.0741501295978943,-0.0641714630583686,5.55930701174284e-159
"1434","slope","Suburban",-0.0425835923986027,-0.0473074949003194,-0.0378596898968859,3.2564677136699e-69
"1435","slope","Urban",-0.0286767625265034,-0.0346007915552317,-0.0227527334977751,2.66723588231617e-21
"1436","slope","Natural",-0.0675600216720512,-0.0725823637654747,-0.0625376795786278,4.98731001963381e-150
"1437","slope","Suburban",-0.0423412588924467,-0.0470965880181923,-0.0375859297667012,1.37809977665064e-67
"1438","slope","Urban",-0.0271075397484925,-0.0330112611129271,-0.0212038183840578,2.50404318797726e-19
"1439","slope","Natural",-0.06848754712262,-0.0734927306086812,-0.0634823636365589,4.70485637620949e-155
"1440","slope","Suburban",-0.0407241485400568,-0.0454645350192708,-0.0359837620608428,4.38273729389743e-63
"1441","slope","Urban",-0.0323565284423492,-0.0382813497535727,-0.0264317071311258,1.19206660836694e-26
"1442","slope","Natural",-0.0684613388826908,-0.0734868691305169,-0.0634358086348646,9.91541200592737e-154
"1443","slope","Suburban",-0.0425505956900091,-0.047309019554022,-0.0377921718259963,3.79590547018601e-68
"1444","slope","Urban",-0.0298333832362352,-0.035730229425496,-0.0239365370469745,4.10754460440222e-23
"1445","slope","Natural",-0.0683286255393176,-0.0733290193587,-0.0633282317199353,1.2049407239664e-154
"1446","slope","Suburban",-0.0419125770651055,-0.0466480247628263,-0.0371771293673846,8.211926904657e-67
"1447","slope","Urban",-0.0264830589909335,-0.0324051266047262,-0.0205609913771409,2.04307064364529e-18
"1448","slope","Natural",-0.0679863614662402,-0.0730075580398042,-0.0629651648926763,6.25933705043836e-152
"1449","slope","Suburban",-0.0413445554800396,-0.0461002914341563,-0.036588819525923,1.51819813086292e-64
"1450","slope","Urban",-0.0309674918677874,-0.0368931988550154,-0.0250417848805595,1.50669195568762e-24
"1451","slope","Natural",-0.0687537491012674,-0.0737790219105934,-0.0637284762919413,5.13300746483607e-155
"1452","slope","Suburban",-0.0422777904613732,-0.0470366949233224,-0.0375188859994241,2.70339665718606e-67
"1453","slope","Urban",-0.0315069433455273,-0.0374291780445654,-0.0255847086464892,2.22600002235045e-25
"1454","slope","Natural",-0.0675309498098284,-0.072553922375329,-0.0625079772443278,7.22289493556031e-150
"1455","slope","Suburban",-0.0434633960869381,-0.0482195009244925,-0.0387072912493837,4.63507426843553e-71
"1456","slope","Urban",-0.0298501936105548,-0.0357566685128881,-0.0239437187082214,4.56383580962584e-23
"1457","slope","Natural",-0.0686836918871335,-0.0736928585214258,-0.0636745252528412,1.13026169647005e-155
"1458","slope","Suburban",-0.043677265366082,-0.0484185115904986,-0.0389360191416653,3.59695565154581e-72
"1459","slope","Urban",-0.0274102294298731,-0.0333334138223025,-0.0214870450374437,1.31744919918716e-19
"1460","slope","Natural",-0.0683866577951696,-0.0734091099633688,-0.0633642056269703,1.37465715546219e-153
"1461","slope","Suburban",-0.0421011488268754,-0.0468581508118516,-0.0373441468418991,8.33947002749605e-67
"1462","slope","Urban",-0.029357448117983,-0.0352786786090817,-0.0234362176268842,2.90360480884137e-22
"1463","slope","Natural",-0.067853922218905,-0.0728756283695627,-0.0628322160682473,2.49666051991165e-151
"1464","slope","Suburban",-0.0432804859495421,-0.0480344088493034,-0.0385265630497808,1.51082655278371e-70
"1465","slope","Urban",-0.0292425696017596,-0.0351385221944907,-0.0233466170090284,2.80679950099905e-22
"1466","slope","Natural",-0.0677935596963091,-0.0727936959342388,-0.0627934234583794,2.4897663821712e-152
"1467","slope","Suburban",-0.0429997072101,-0.047733246798376,-0.038266167621824,3.01627292866432e-70
"1468","slope","Urban",-0.0275835621348385,-0.0335027203679935,-0.0216644039016834,7.35835364005974e-20
"1469","slope","Natural",-0.0684081282765431,-0.0734304785126437,-0.0633857780404425,1.0940230094162e-153
"1470","slope","Suburban",-0.0424433485050254,-0.0471988014001953,-0.0376878956098554,6.73357619143371e-68
"1471","slope","Urban",-0.0284803983363472,-0.0344054303456928,-0.0225553663270016,5.021883017227e-21
"1472","slope","Natural",-0.0671432551671751,-0.0721671519328327,-0.0621193584015175,3.70790156482245e-148
"1473","slope","Suburban",-0.0411641026488782,-0.0459210203179698,-0.0364071849797867,5.66628803574697e-64
"1474","slope","Urban",-0.0309257278799462,-0.0368462580592677,-0.0250051977006248,1.58394956719265e-24
"1475","slope","Natural",-0.0684576939429512,-0.0734795430424266,-0.0634358448434759,6.22624462371109e-154
"1476","slope","Suburban",-0.0409998781177561,-0.0457545184379581,-0.0362452377975541,1.53183722442214e-63
"1477","slope","Urban",-0.031012689627532,-0.0369016102108282,-0.0251237690442357,6.67011097513988e-25
"1478","slope","Natural",-0.0672590901181276,-0.0722520326674476,-0.0622661475688076,1.94812539210146e-150
"1479","slope","Suburban",-0.0440417686008226,-0.0487699623817037,-0.0393135748199415,9.96468140536915e-74
"1480","slope","Urban",-0.0303658041460445,-0.0363092348450035,-0.0244223734470856,1.54339634001053e-23
"1481","slope","Natural",-0.0684877636404816,-0.0735270399445226,-0.0634484873364407,4.91104518171e-153
"1482","slope","Suburban",-0.0439855650409286,-0.0487566064265784,-0.0392145236552788,2.81044031333614e-72
"1483","slope","Urban",-0.0289010769384981,-0.0347929142089681,-0.0230092396680281,7.92149366264879e-22
"1484","slope","Natural",-0.0675929776629025,-0.0725910463928008,-0.0625949089330041,1.39468114000231e-151
"1485","slope","Suburban",-0.0414738300925002,-0.0462056963538502,-0.0367419638311501,1.44471771316883e-65
"1486","slope","Urban",-0.0291413385488353,-0.0350460170361189,-0.0232366600615518,4.47885023090934e-22
"1487","slope","Natural",-0.0683067840695227,-0.0733154122000391,-0.0632981559390063,4.64245187604749e-154
"1488","slope","Suburban",-0.0427640276323565,-0.047507119696632,-0.038020935568081,3.08696968445319e-69
"1489","slope","Urban",-0.0298663962079821,-0.0357847358646916,-0.0239480565512726,5.27075283238585e-23
"1490","slope","Natural",-0.0681208187230558,-0.073141696092777,-0.0630999413533346,1.57359352095216e-152
"1491","slope","Suburban",-0.0430901084956104,-0.0478429316085206,-0.0383372853827002,5.56065939011234e-70
"1492","slope","Urban",-0.0279392128804239,-0.0338632313245096,-0.0220151944363381,2.6564069956076e-20
"1493","slope","Natural",-0.0674004455040169,-0.0724245369697344,-0.0623763540382994,3.03348914977322e-149
"1494","slope","Suburban",-0.0422109803934168,-0.04696502727174,-0.0374569335150937,3.1950949813714e-67
"1495","slope","Urban",-0.0293159937996219,-0.0352068624000355,-0.0234251251992084,2.03607156443784e-22
"1496","slope","Natural",-0.0675009543299756,-0.0724955258571366,-0.0625063828028146,2.17922446642882e-151
"1497","slope","Suburban",-0.0407781702571517,-0.0455094160747268,-0.0360469244395767,1.75841527379364e-63
"1498","slope","Urban",-0.0275384642479425,-0.0334361548503256,-0.0216407736455595,6.22022535185477e-20
"1499","slope","Natural",-0.0673042587341389,-0.0723057154166146,-0.0623028020516632,3.88467273675071e-150
"1500","slope","Suburban",-0.0407374753645658,-0.0454750533471372,-0.0359998973819944,3.3880200851479e-63
"1501","slope","Urban",-0.0285485298868689,-0.034463051037509,-0.0226340087362287,3.45747539766249e-21
"1502","slope","Natural",-0.0677070869867607,-0.072721312759773,-0.0626928612137484,3.93475215750024e-151
"1503","slope","Suburban",-0.0414352747420347,-0.0461831227912107,-0.0366874266928588,5.02108819816261e-65
"1504","slope","Urban",-0.0299426289741739,-0.0358218501794322,-0.0240634077689157,2.12166040453362e-23
"1505","slope","Natural",-0.0673253330622397,-0.0723107407908743,-0.0623399253336051,3.65534328025062e-151
"1506","slope","Suburban",-0.0419725830620243,-0.0466950247666878,-0.0372501413573607,2.36602653384401e-67
"1507","slope","Urban",-0.0298384190538239,-0.0357375762463731,-0.0239392618612748,4.19896691065414e-23
"1508","slope","Natural",-0.068096807854094,-0.0731002521661945,-0.0630933635419936,1.87714292466969e-153
"1509","slope","Suburban",-0.0427230113322406,-0.0474619937542228,-0.0379840289102583,3.17623993918412e-69
"1510","slope","Urban",-0.0289725998955118,-0.0348672046373408,-0.0230779951536828,6.5747542305717e-22
"1511","slope","Natural",-0.0675602144631233,-0.0725593101985911,-0.0625611187276554,2.22052652035734e-151
"1512","slope","Suburban",-0.0411720380694238,-0.0459054005326788,-0.0364386756061688,1.30294900761284e-64
"1513","slope","Urban",-0.0298958554502401,-0.0357999985114442,-0.023991712389036,3.7747476830087e-23
"1514","slope","Natural",-0.0670684242669932,-0.0720741445354793,-0.0620627039985071,7.06772674475415e-149
"1515","slope","Suburban",-0.0411895341295982,-0.045930937924758,-0.0364481303344384,1.8752846697736e-64
"1516","slope","Urban",-0.0281517811489089,-0.0340536047539557,-0.0222499575438621,9.91657393202621e-21
"1517","slope","Natural",-0.0682754994331847,-0.0732808480960571,-0.0632701507703122,4.05469425245443e-154
"1518","slope","Suburban",-0.0430168944735319,-0.0477567032434142,-0.0382770857036496,4.02216780361225e-70
"1519","slope","Urban",-0.0299512964215517,-0.0358503744338225,-0.0240522184092809,2.88504133742397e-23
"1520","slope","Natural",-0.0680860433491068,-0.0730890845540414,-0.0630830021441722,1.97820074579125e-153
"1521","slope","Suburban",-0.0441727260257064,-0.0489096503382173,-0.0394358017131956,6.89144482536147e-74
"1522","slope","Urban",-0.0302952928212186,-0.0361973423676311,-0.0243932432748062,9.63302834903906e-24
"1523","slope","Natural",-0.0679539916714473,-0.0729601342753127,-0.062947849067582,1.13069149561484e-152
"1524","slope","Suburban",-0.0437575445697079,-0.0484983417584664,-0.0390167473809494,1.93449198282154e-72
"1525","slope","Urban",-0.0293057789907353,-0.0352239054561119,-0.0233876525253587,3.2647596265349e-22
"1526","slope","Natural",-0.0675754027532217,-0.0725942933999291,-0.0625565121065142,2.70656205740271e-150
"1527","slope","Suburban",-0.0425585829685962,-0.0473100096847371,-0.0378071562524553,2.29631196842411e-68
"1528","slope","Urban",-0.027317393204375,-0.033238532308134,-0.021396254100616,1.69444460783569e-19
"1529","slope","Natural",-0.0668146185693324,-0.0718354779179722,-0.0617937592206925,6.24604012322601e-147
"1530","slope","Suburban",-0.0413787553637761,-0.0461352164875,-0.0366222942400522,1.25166006858297e-64
"1531","slope","Urban",-0.0306952021183623,-0.0366368354679542,-0.0247535687687703,4.99276316798593e-24
"1532","slope","Natural",-0.0687926387082986,-0.0738295754587113,-0.0637557019578859,1.71412673246126e-154
"1533","slope","Suburban",-0.0420267296083984,-0.0467982408275229,-0.0372552183892738,3.45108348168573e-66
"1534","slope","Urban",-0.0274387491805619,-0.0333220710794158,-0.021555427281708,6.87479430373897e-20
"1535","slope","Natural",-0.0684264968344067,-0.0734170844542867,-0.0634359092145266,1.15858807172642e-155
"1536","slope","Suburban",-0.0429796195807436,-0.0477039314526546,-0.0382553077088325,1.8974190357642e-70
"1537","slope","Urban",-0.0310237846310759,-0.0369292919051977,-0.0251182773569541,8.66461512445349e-25
"1538","slope","Natural",-0.0674288144466006,-0.0724382627305625,-0.0624193661626388,3.28062432232075e-150
"1539","slope","Suburban",-0.0432111010107297,-0.0479546717683767,-0.0384675302530826,1.26146769163878e-70
"1540","slope","Urban",-0.0278521455519161,-0.0337643403268127,-0.0219399507770194,2.925449282642e-20
"1541","slope","Natural",-0.0683377055106955,-0.0733502380698096,-0.0633251729515814,5.80372411338969e-154
"1542","slope","Suburban",-0.0412161618664732,-0.0459636607079483,-0.036468663024998,2.25018994025058e-64
"1543","slope","Urban",-0.0294478655219498,-0.0353565986008135,-0.023539132443086,1.77051079201971e-22
"1544","slope","Natural",-0.068257486231499,-0.0732699061469452,-0.0632450663160527,1.2761510979637e-153
"1545","slope","Suburban",-0.0424087572205887,-0.047153392960751,-0.0376641214804264,4.33179904249806e-68
"1546","slope","Urban",-0.0300655645060082,-0.0359551918483047,-0.0241759371637117,1.67989328271032e-23
"1547","slope","Natural",-0.0675500394078819,-0.0725447605120169,-0.062555318303747,1.36194750931628e-151
"1548","slope","Suburban",-0.0419501250279811,-0.0466780998344036,-0.0372221502215585,3.93600004599701e-67
"1549","slope","Urban",-0.031246254933757,-0.0371391808676365,-0.0253533289998774,3.20211196711568e-25
"1550","slope","Natural",-0.067577711911763,-0.0725744200247731,-0.0625810037987529,1.35112490909203e-151
"1551","slope","Suburban",-0.043982092516827,-0.0487150061778713,-0.0392491788557826,2.15011174826626e-73
"1552","slope","Urban",-0.0266601013418803,-0.0325771016026197,-0.0207431010811408,1.13641087840194e-18
"1553","slope","Natural",-0.067983816751167,-0.0730025003159655,-0.0629651331863685,4.57660699456984e-152
"1554","slope","Suburban",-0.0422836672695377,-0.0470353028475927,-0.0375320316914828,1.64162830314644e-67
"1555","slope","Urban",-0.0272890704704543,-0.0332171494078735,-0.021360991533035,2.03156435848517e-19
"1556","slope","Natural",-0.0678022388728407,-0.0728293254744088,-0.0627751522712727,8.5542950574323e-151
"1557","slope","Suburban",-0.0430295836977036,-0.0477910717853725,-0.0382680956100347,1.51071049471685e-69
"1558","slope","Urban",-0.0288581636543981,-0.0347535390194755,-0.0229627882893206,9.61166196324839e-22
"1559","slope","Natural",-0.0684411244105061,-0.0734386741848884,-0.0634435746361238,2.62022116546746e-155
"1560","slope","Suburban",-0.0429742579194771,-0.0477075960563578,-0.0382409197825964,3.57976876580853e-70
"1561","slope","Urban",-0.0307205705180753,-0.0366238366009393,-0.0248173044352113,2.34245267614202e-24
"1562","slope","Natural",-0.0690219696693539,-0.074028107850636,-0.0640158314880718,2.42896771198885e-157
"1563","slope","Suburban",-0.0431436566247753,-0.0478843576426845,-0.0384029556068662,1.70243314251659e-70
"1564","slope","Urban",-0.0304001348372735,-0.0363199244723696,-0.0244803452021775,9.19922906465082e-24
"1565","slope","Natural",-0.0676589684662394,-0.0726779066569453,-0.0626400302755335,1.19054609722367e-150
"1566","slope","Suburban",-0.040493553235044,-0.0452478178248341,-0.035739288645254,4.75904060250707e-62
"1567","slope","Urban",-0.0300330725218776,-0.0359566124282817,-0.0241095326154734,3.31905321586018e-23
"1568","slope","Natural",-0.0679634902655695,-0.0729866135572229,-0.0629403669739162,1.01836507706553e-151
"1569","slope","Suburban",-0.0427055789253405,-0.0474647511909108,-0.0379464066597701,1.32096117658527e-68
"1570","slope","Urban",-0.0276585918087862,-0.0335637997363631,-0.0217533838812092,4.79441828030548e-20
"1571","slope","Natural",-0.0683051450687439,-0.0733126315789432,-0.0632976585585446,4.03691589179617e-154
"1572","slope","Suburban",-0.0424968701100038,-0.0472400287000929,-0.0377537115199147,2.10250466213838e-68
"1573","slope","Urban",-0.0269533772728868,-0.0328691204193994,-0.0210376341263743,4.68446168170929e-19
"1574","slope","Natural",-0.0685063415758385,-0.0735238546497693,-0.0634888285019077,2.11706248271473e-154
"1575","slope","Suburban",-0.0429140109033035,-0.0476638895314869,-0.03816413227512,1.63120727752619e-69
"1576","slope","Urban",-0.0346521754892262,-0.0405731963509151,-0.0287311546275373,2.41225628912125e-30
"1577","slope","Natural",-0.0681015516840646,-0.0731226007042469,-0.0630805026638823,1.95196357494282e-152
"1578","slope","Suburban",-0.0423596584388746,-0.0471147250475207,-0.0376045918302285,1.18979620604118e-67
"1579","slope","Urban",-0.0313110793109185,-0.0371966361729858,-0.0254255224488513,2.23171811751178e-25
"1580","slope","Natural",-0.0686939911979772,-0.0736837201966167,-0.0637042621993377,6.83295902261024e-157
"1581","slope","Suburban",-0.0442452255296605,-0.0489711001293931,-0.0395193509299279,1.85955478697147e-74
"1582","slope","Urban",-0.0304026706944041,-0.0363414526962671,-0.024463888692541,1.2620376200745e-23
"1583","slope","Natural",-0.0671771098269153,-0.0722132375637273,-0.0621409820901032,1.31834598157995e-147
"1584","slope","Suburban",-0.0423019026775902,-0.0470689160340805,-0.0375348893210999,3.78949341638879e-67
"1585","slope","Urban",-0.0276904758467482,-0.0335961731351497,-0.0217847785583467,4.37829678179054e-20
"1586","slope","Natural",-0.0674526466352994,-0.0724589991400408,-0.062446294130558,1.71306888503539e-150
"1587","slope","Suburban",-0.0419596405954504,-0.0467013271377208,-0.03721795405318,8.69803867692031e-67
"1588","slope","Urban",-0.0294496445454151,-0.0353742906816815,-0.0235249984091486,2.27638882110962e-22
"1589","slope","Natural",-0.0679403480532866,-0.0729647879911011,-0.0629159081154721,1.52833203006319e-151
"1590","slope","Suburban",-0.0446056361903602,-0.049363075320454,-0.0398481970602663,1.14786637552861e-74
"1591","slope","Urban",-0.0291953257392233,-0.0350865588590031,-0.0233040926194435,3.03271525139637e-22
"1592","slope","Natural",-0.0664503570106351,-0.0714486076435487,-0.0614521063777215,1.16434145967745e-146
"1593","slope","Suburban",-0.0413024617100726,-0.0460319016216894,-0.0365730217984558,4.13338145678293e-65
"1594","slope","Urban",-0.0272482440608515,-0.0331514648550087,-0.0213450232666944,1.6265798035031e-19
"1595","slope","Natural",-0.0671979516503783,-0.072204171597475,-0.0621917317032815,2.09957161032178e-149
"1596","slope","Suburban",-0.0419413118131358,-0.0466808669369493,-0.0372017566893223,8.66612197926498e-67
"1597","slope","Urban",-0.0283343832741189,-0.0342290028729113,-0.0224397636753266,5.01921412896122e-21
"1598","slope","Natural",-0.0671085183878497,-0.072106548871513,-0.0621104879041863,1.71376998475608e-149
"1599","slope","Suburban",-0.0412022644888739,-0.0459352448433596,-0.0364692841343881,1.03154871375716e-64
"1600","slope","Urban",-0.028685716711455,-0.0345959962714569,-0.0227754371514532,2.09984960698947e-21
"1601","slope","Natural",-0.0671712617865312,-0.0721819374701929,-0.0621605861028694,4.93085760938059e-149
"1602","slope","Suburban",-0.0419202587278594,-0.0466650000019893,-0.0371755174537295,1.38935386438557e-66
"1603","slope","Urban",-0.0297609313416491,-0.0356566773578356,-0.0238651853254626,5.12404700406356e-23
"1604","slope","Natural",-0.0687271257890462,-0.0737263719287024,-0.0637278796493901,1.84165555519126e-156
"1605","slope","Suburban",-0.0444921958661288,-0.0492248455241926,-0.0397595462080649,4.71070330463088e-75
"1606","slope","Urban",-0.0267108666110834,-0.0326273003756895,-0.0207944328464772,9.70961503030089e-19
"1607","slope","Natural",-0.0675053336241218,-0.0725223841823541,-0.0624882830658895,4.23485835665021e-150
"1608","slope","Suburban",-0.0429536055319599,-0.0477029252094494,-0.0382042858544704,1.18294132370272e-69
"1609","slope","Urban",-0.0307975553309476,-0.0366993619712392,-0.0248957486906561,1.7567180165571e-24
"1610","slope","Natural",-0.0694656482053859,-0.0744704625583137,-0.0644608338524581,2.21652211482017e-159
"1611","slope","Suburban",-0.0407177962763283,-0.0454583871540823,-0.0359772053985742,4.63361336997112e-63
"1612","slope","Urban",-0.0322319263941623,-0.0381322799791723,-0.0263315728091523,1.15436178611092e-26
"1613","slope","Natural",-0.0680896675456578,-0.0730938981646386,-0.063085436926677,2.24351301520947e-153
"1614","slope","Suburban",-0.042076477170527,-0.0468171395554196,-0.0373358147856344,3.57005996268961e-67
"1615","slope","Urban",-0.0277996391119734,-0.0337057840969136,-0.0218934941270332,3.1501051389128e-20
"1616","slope","Natural",-0.0673784651055437,-0.0723872896450531,-0.0623696405660343,4.97129904170998e-150
"1617","slope","Suburban",-0.0419938242811678,-0.0467360511341938,-0.0372515974281417,7.0669190991418e-67
"1618","slope","Urban",-0.027269125630174,-0.033171572106706,-0.021366679153642,1.51053378727704e-19
"1619","slope","Natural",-0.0694751566220111,-0.074480378421431,-0.0644699348225911,2.1300460918329e-159
"1620","slope","Suburban",-0.0436557440026958,-0.048394598047007,-0.0389168899583847,3.58300104015599e-72
"1621","slope","Urban",-0.0298613200686335,-0.0357525484793837,-0.0239700916578833,3.4075480164166e-23
"1622","slope","Natural",-0.0679951542003638,-0.0729903896090023,-0.0629999187917253,1.69667092853738e-153
"1623","slope","Suburban",-0.0434720474612042,-0.0482036129038823,-0.0387404820185261,8.43440740443992e-72
"1624","slope","Urban",-0.0305593193762329,-0.0364661749004035,-0.0246524638520622,4.30728257013769e-24
"1625","slope","Natural",-0.0688742352364783,-0.0738828441889924,-0.0638656262839642,1.52928513199114e-156
"1626","slope","Suburban",-0.0424565027175858,-0.0471994363611262,-0.0377135690740454,2.76487996592283e-68
"1627","slope","Urban",-0.0289506813028505,-0.0348456224741331,-0.0230557401315679,7.09278095682462e-22
"1628","slope","Natural",-0.0673718498086319,-0.0723691379659405,-0.0623745616513234,1.13622409479185e-150
"1629","slope","Suburban",-0.0437797017753988,-0.0485142154834662,-0.0390451880673314,1.0717272415268e-72
"1630","slope","Urban",-0.0273366961367899,-0.0332547994969461,-0.0214185927766336,1.53242733776746e-19
"1631","slope","Natural",-0.0676128465909205,-0.0726310542227603,-0.0625946389590807,1.70585637290494e-150
"1632","slope","Suburban",-0.0410341243515516,-0.0457861559699305,-0.0362820927331726,1.03692082117434e-63
"1633","slope","Urban",-0.0275289331459593,-0.0334131733829918,-0.0216446929089268,5.28135869505894e-20
"1634","slope","Natural",-0.0673908454838386,-0.072381239980326,-0.0624004509873512,3.72107351631947e-151
"1635","slope","Suburban",-0.043502401353749,-0.0482262497419595,-0.0387785529655385,4.00463582482675e-72
"1636","slope","Urban",-0.028536470796581,-0.0344466894145435,-0.0226262521786184,3.36374788586395e-21
"1637","slope","Natural",-0.0673848111219374,-0.0723962043998417,-0.062373417844033,6.5723810528357e-150
"1638","slope","Suburban",-0.0408926927588615,-0.0456392061485568,-0.0361461793691662,1.97725999314514e-63
"1639","slope","Urban",-0.0297647695126208,-0.0356852981163651,-0.0238442409088765,7.62877869156424e-23
"1640","slope","Natural",-0.0686016048551562,-0.0736238269407248,-0.0635793827695877,1.55250624997726e-154
"1641","slope","Suburban",-0.0435139551344028,-0.0482683204804396,-0.038759589788366,2.85980882776961e-71
"1642","slope","Urban",-0.0286548831250415,-0.0345918004668708,-0.0227179657832123,3.47650096556256e-21
"1643","slope","Natural",-0.0685792383596615,-0.0736118881769531,-0.0635465885423698,8.04516304922286e-154
"1644","slope","Suburban",-0.0437066806794084,-0.048473038546165,-0.0389403228126518,1.56549837286073e-71
"1645","slope","Urban",-0.030550269340227,-0.0364673360536777,-0.0246332026267764,5.30481786751068e-24
"1646","slope","Natural",-0.0677161719953018,-0.0727334070379992,-0.0626989369526045,5.38069359489038e-151
"1647","slope","Suburban",-0.04281292704322,-0.0475667132949466,-0.0380591407914935,4.33949002768032e-69
"1648","slope","Urban",-0.0321943330231773,-0.0381011858090979,-0.0262874802372567,1.49685842937507e-26
"1649","slope","Natural",-0.0672542759152578,-0.0722643148214643,-0.0622442370090513,1.99710472112767e-149
"1650","slope","Suburban",-0.0438806604933232,-0.0486255899490273,-0.0391357310376191,1.0357072208516e-72
"1651","slope","Urban",-0.0293086905211201,-0.0352215752112984,-0.0233958058309418,2.97376482051624e-22
"1652","slope","Natural",-0.0675716739663078,-0.0725844600980424,-0.0625588878345733,1.24314821168809e-150
"1653","slope","Suburban",-0.0413183739926575,-0.0460665816627337,-0.0365701663225814,1.15622061996952e-64
"1654","slope","Urban",-0.0295599430292876,-0.0354801224500953,-0.02363976360848,1.48046905697013e-22
"1655","slope","Natural",-0.0692418285381397,-0.0742629273512353,-0.0642207297250441,2.11830894466668e-157
"1656","slope","Suburban",-0.0441240095286015,-0.0488786402058059,-0.039369378851397,3.34450495865225e-73
"1657","slope","Urban",-0.0311048482433993,-0.0370129131305354,-0.0251967833562633,6.87133051517172e-25
"1658","slope","Natural",-0.0683191835074521,-0.0733305120206759,-0.0633078549942282,5.92755966970305e-154
"1659","slope","Suburban",-0.0431803998597784,-0.0479253522899449,-0.0384354474296119,1.72663557497415e-70
"1660","slope","Urban",-0.0281239508365985,-0.0340100279773943,-0.0222378736958027,8.55094893766814e-21
"1661","slope","Natural",-0.0685270118326388,-0.0735174758895994,-0.0635365477756781,4.11722433249976e-156
"1662","slope","Suburban",-0.0441533041716552,-0.0488795061707891,-0.0394271021725213,3.78022906268508e-74
"1663","slope","Urban",-0.0316798684072725,-0.0375790086679362,-0.0257807281466087,7.93201739178773e-26
"1664","slope","Natural",-0.06910620537989,-0.0741086491269762,-0.064103761632804,6.15850678221525e-158
"1665","slope","Suburban",-0.0430921725296282,-0.0478304328056066,-0.0383539122536497,2.10530566828284e-70
"1666","slope","Urban",-0.0306509163805125,-0.0365550207851109,-0.0247468119759141,3.01109977673895e-24
"1667","slope","Natural",-0.0678723594167722,-0.0728796941065409,-0.0628650247270034,3.00345639901793e-152
"1668","slope","Suburban",-0.0422995851912993,-0.0470417453138712,-0.0375574250687275,8.05255731344159e-68
"1669","slope","Urban",-0.0294144754833222,-0.0353118474205129,-0.0235171035461315,1.64129472441963e-22
"1670","slope","Natural",-0.0691114070398905,-0.0741126404317598,-0.0641101736480212,4.92835764901452e-158
"1671","slope","Suburban",-0.0432862100121848,-0.0480208049017586,-0.0385516151226109,4.02399011367629e-71
"1672","slope","Urban",-0.0283874107925155,-0.0342900398648868,-0.0224847817201443,4.79493725718811e-21
"1673","slope","Natural",-0.0682336153629923,-0.0732377548593719,-0.0632294758666126,5.23429146517781e-154
"1674","slope","Suburban",-0.0433168772978918,-0.0480574040747178,-0.0385763505210659,4.7781082285513e-71
"1675","slope","Urban",-0.0297670286897231,-0.0356641568420911,-0.0238699005373552,5.13894698404413e-23
"1676","slope","Natural",-0.0675942416722231,-0.0725958014679072,-0.0625926818765391,2.20451086302809e-151
"1677","slope","Suburban",-0.0422470298376568,-0.0469805229592612,-0.0375135367160523,6.74971591596078e-68
"1678","slope","Urban",-0.028127363835017,-0.0340334652792665,-0.0222212623907676,1.14041722889834e-20
"1679","slope","Natural",-0.0672375083720755,-0.0722461495014507,-0.0622288672427002,1.95722549863226e-149
"1680","slope","Suburban",-0.0428731061099222,-0.047616794575731,-0.0381294176441134,1.46382295152107e-69
"1681","slope","Urban",-0.0294624644061398,-0.0353460950714522,-0.0235788337408274,1.1203148472075e-22
"1682","slope","Natural",-0.0677507456763052,-0.0727412264299689,-0.0627602649226415,1.03000444176516e-152
"1683","slope","Suburban",-0.04270135928324,-0.0474258265063064,-0.0379768920601736,1.44321379616998e-69
"1684","slope","Urban",-0.0269897308883118,-0.0329054413696061,-0.0210740204070175,4.20123203497485e-19
"1685","slope","Natural",-0.068295509741684,-0.07331237892851,-0.063278640554858,1.59913451555569e-153
"1686","slope","Suburban",-0.0427696796777757,-0.0475180394683932,-0.0380213198871581,4.16757638953246e-69
"1687","slope","Urban",-0.0283916549746271,-0.0343042625632615,-0.0224790473859927,5.50085855383989e-21
"1688","slope","Natural",-0.068926115330048,-0.0739397780593632,-0.0639124526007328,1.8260148959893e-156
"1689","slope","Suburban",-0.0428861396660404,-0.0476326899258786,-0.0381395894062022,1.60544178373718e-69
"1690","slope","Urban",-0.028494770888855,-0.0344005913451511,-0.0225889504325589,3.58821476118451e-21
"1691","slope","Natural",-0.0683140403830611,-0.0733222935110864,-0.0633057872550357,4.09875948638109e-154
"1692","slope","Suburban",-0.0421129581355548,-0.0468555868056855,-0.037370329465424,3.11996114439289e-67
"1693","slope","Urban",-0.0300787907172485,-0.0360044080768937,-0.0241531733576033,2.95501475894741e-23
"1694","slope","Natural",-0.0680842103862385,-0.0731084199194916,-0.0630600008529854,3.55066259244433e-152
"1695","slope","Suburban",-0.0428778032277815,-0.0476371092419298,-0.0381184972136331,3.89287455756306e-69
"1696","slope","Urban",-0.0297568226647905,-0.0356718658797739,-0.0238417794498071,7.15304519245938e-23
"1697","slope","Natural",-0.0673052609219753,-0.0723216219621179,-0.0622888998818328,2.78885996777468e-149
"1698","slope","Suburban",-0.0421456205702545,-0.0468937314578882,-0.0373975096826208,3.49429285066963e-67
"1699","slope","Urban",-0.0287003700196449,-0.0346152142115593,-0.0227855258277305,2.15035612338044e-21
"1700","slope","Natural",-0.0673254976605722,-0.0723409051573123,-0.0623100901638321,2.0129686052273e-149
"1701","slope","Suburban",-0.0444034627684417,-0.0491512144846017,-0.0396557110522818,2.62942130146934e-74
"1702","slope","Urban",-0.0299482676600316,-0.0358510629879424,-0.0240454723321208,3.10236409089826e-23
"1703","slope","Natural",-0.0676355565217133,-0.0726398870513378,-0.0626312259920887,2.12024931529181e-151
"1704","slope","Suburban",-0.0419442303946576,-0.0466845093819473,-0.0372039514073679,8.88147123088665e-67
"1705","slope","Urban",-0.0279214415534585,-0.0338252756088535,-0.0220176074980635,2.09087927883822e-20
"1706","slope","Natural",-0.0689546464715355,-0.0739612286204303,-0.0639480643226407,5.11351114498808e-157
"1707","slope","Suburban",-0.0424548917054518,-0.0471948680511176,-0.037714915359786,2.31493341502363e-68
"1708","slope","Urban",-0.028981294796684,-0.0348969409225789,-0.0230656486707891,8.90469100254897e-22
"1709","slope","Natural",-0.0683268568927586,-0.0733435365474537,-0.0633101772380634,1.13959271560394e-153
"1710","slope","Suburban",-0.0438765750087446,-0.0486264564137501,-0.039126693603739,1.4942690436e-72
"1711","slope","Urban",-0.0271072218848544,-0.0329918696117702,-0.0212225741579386,1.92336874079534e-19
"1712","slope","Natural",-0.0671760069518338,-0.0721650034929479,-0.0621870104107198,2.62420958136807e-150
"1713","slope","Suburban",-0.0412770778846452,-0.0460012977669564,-0.0365528580023339,3.58826360077797e-65
"1714","slope","Urban",-0.0263456263794815,-0.0322712328870395,-0.0204200198719236,3.19338084216849e-18
"1715","slope","Natural",-0.0682150064800923,-0.0732397742531511,-0.0631902387070336,1.04258775765902e-152
"1716","slope","Suburban",-0.0418594496670833,-0.0466205182646431,-0.0370983810695235,5.84476870125407e-66
"1717","slope","Urban",-0.0281992883632721,-0.0340735885738999,-0.0223249881526443,5.64904695417245e-21
"1718","slope","Natural",-0.0681915500852958,-0.0731726518499231,-0.0632104483206685,3.34997821181601e-155
"1719","slope","Suburban",-0.0431478096334469,-0.0478674611239197,-0.0384281581429742,4.07675124965302e-71
"1720","slope","Urban",-0.0289096525356779,-0.034818942973438,-0.0230003620979177,1.01364202266422e-21
"1721","slope","Natural",-0.0681939832986825,-0.0732041322024119,-0.063183834394953,1.76904595035568e-153
"1722","slope","Suburban",-0.0412557596523265,-0.046002833937642,-0.036508685367011,1.66724346581348e-64
"1723","slope","Urban",-0.0309342232077548,-0.0368624765893099,-0.0250059698261998,1.76471897311948e-24
"1724","slope","Natural",-0.0682320238657457,-0.0732599832945619,-0.0632040644369295,1.35452915689264e-152
"1725","slope","Suburban",-0.0418920622541954,-0.0466542750810088,-0.037129849427382,4.99239556040195e-66
"1726","slope","Urban",-0.0278793483879165,-0.0337672239434565,-0.0219914728323765,1.88491920080585e-20
"1727","slope","Natural",-0.069099147328864,-0.0740912921203181,-0.06410700253741,1.5525266338284e-158
"1728","slope","Suburban",-0.0417224301251781,-0.0464496759505368,-0.0369951842998194,1.88627032860579e-66
"1729","slope","Urban",-0.02934378435484,-0.0352689324222652,-0.0234186362874148,3.23083972973771e-22
"1730","slope","Natural",-0.0674796164490097,-0.0725049973003441,-0.0624542355976753,1.64899867773742e-149
"1731","slope","Suburban",-0.0428925776005708,-0.0476507916226372,-0.0381343635785044,3.26384223446342e-69
"1732","slope","Urban",-0.0278105361328274,-0.0337382403759974,-0.0218828318896575,4.15802401224372e-20
"1733","slope","Natural",-0.0685533222700331,-0.0735790703295653,-0.0635275742105009,4.07237819957795e-154
"1734","slope","Suburban",-0.0417706423595962,-0.0465302877623138,-0.0370109969568787,9.95835817207187e-66
"1735","slope","Urban",-0.0301745604093728,-0.0360528549742953,-0.0242962658444503,9.5942144841751e-24
"1736","slope","Natural",-0.0683509582708239,-0.0733366054626926,-0.0633653110789551,1.25379350458075e-155
"1737","slope","Suburban",-0.0423933007883326,-0.0471142268094952,-0.03767237476717,1.0576530136039e-68
"1738","slope","Urban",-0.0274299769610075,-0.0333436823700178,-0.0215162715519972,1.08648288416291e-19
"1739","slope","Natural",-0.0680748845219271,-0.0730904379863591,-0.0630593310574952,1.21064851708845e-152
"1740","slope","Suburban",-0.0437552377604388,-0.0485050257865945,-0.0390054497342831,3.61552062136857e-72
"1741","slope","Urban",-0.0325002813602975,-0.0384008744210273,-0.0265996882995678,4.44200845392513e-27
"1742","slope","Natural",-0.0684680701140254,-0.073470828798536,-0.0634653114295148,4.09829772122709e-155
"1743","slope","Suburban",-0.0414659621744192,-0.0462040371792032,-0.0367278871696353,2.23392501161094e-65
"1744","slope","Urban",-0.0302810828094786,-0.0361904823672548,-0.0243716832517024,1.14613054520195e-23
"1745","slope","Natural",-0.067985094770616,-0.0729978728007657,-0.0629723167404662,2.03698270614484e-152
"1746","slope","Suburban",-0.0429605599092397,-0.047707042439184,-0.0382140773792953,9.352813704657e-70
"1747","slope","Urban",-0.0295965699212627,-0.0354842268547101,-0.0237089129878154,7.7029707214888e-23
"1748","slope","Natural",-0.0690629956097964,-0.0740547493588221,-0.0640712418607707,2.12415902809372e-158
"1749","slope","Suburban",-0.0437751728456118,-0.0485023314742142,-0.0390480142170093,6.70243422627117e-73
"1750","slope","Urban",-0.0278693607006702,-0.0337951799569904,-0.02194354144435,3.37931017323919e-20
"1751","slope","Natural",-0.0675149456278982,-0.0725394156081066,-0.0624904756476899,1.03168797330591e-149
"1752","slope","Suburban",-0.0424336537482978,-0.0471918165576517,-0.0376754909389439,8.56258050156541e-68
"1753","slope","Urban",-0.0275534457661673,-0.033447817874501,-0.0216590736578336,5.66550678269888e-20
"1754","slope","Natural",-0.0681029466848832,-0.0731027201557714,-0.0631031732139949,1.06872959868188e-153
"1755","slope","Suburban",-0.0425372348786053,-0.0472692287363505,-0.03780524102086,7.68079635056006e-69
"1756","slope","Urban",-0.02819328395879,-0.0340849536682949,-0.0223016142492851,7.481418440765e-21
"1757","slope","Natural",-0.0679555911759341,-0.0729517545904964,-0.0629594277613718,2.86448408087603e-153
"1758","slope","Suburban",-0.0426935208115346,-0.04742490793218,-0.0379621336908892,2.39826747620308e-69
"1759","slope","Urban",-0.0290589179945978,-0.0349723858210756,-0.02314545016812,6.71105851777889e-22
"1760","slope","Natural",-0.0670936717915452,-0.0721070473052874,-0.062080296277803,1.51419735210667e-148
"1761","slope","Suburban",-0.042589178402811,-0.0473374453043078,-0.0378409115013141,1.50809792510133e-68
"1762","slope","Urban",-0.0292720757662732,-0.0351952948311392,-0.0233488567014072,3.94756746684527e-22
"1763","slope","Natural",-0.0671201025481946,-0.0721417183435774,-0.0620984867528118,3.45028463013432e-148
"1764","slope","Suburban",-0.0416324729899093,-0.0463879932795874,-0.0368769527002313,2.02845065030756e-65
"1765","slope","Urban",-0.0301491239322502,-0.0360724297290729,-0.0242258181354276,2.25226369624734e-23
"1766","slope","Natural",-0.0691264714336141,-0.074148803356321,-0.0641041395109072,8.05568937863629e-157
"1767","slope","Suburban",-0.0437548320028487,-0.0485105466628529,-0.0389991173428446,5.40547426711446e-72
"1768","slope","Urban",-0.0283103036470561,-0.034188267379097,-0.0224323399150152,4.20487490423538e-21
"1769","slope","Natural",-0.067219176813624,-0.0722038074140142,-0.0622345462132339,9.49341628134836e-151
"1770","slope","Suburban",-0.043017932905186,-0.0477372061030393,-0.0382986597073327,1.02710071655973e-70
"1771","slope","Urban",-0.0283593819374959,-0.0342457687844248,-0.022472995090567,4.09327327271121e-21
"1772","slope","Natural",-0.0686153328138574,-0.0736058790132303,-0.0636247866144845,1.70062259638022e-156
"1773","slope","Suburban",-0.0434312838138794,-0.048158596831996,-0.0387039707957628,8.53910559009632e-72
"1774","slope","Urban",-0.0287020357157145,-0.0345947915371596,-0.0228092798942694,1.52026108256624e-21
"1775","slope","Natural",-0.0686885057236437,-0.0736845267940599,-0.0636924846532275,1.73804526102445e-156
"1776","slope","Suburban",-0.0423663393769696,-0.0471002732136373,-0.0376324055403018,2.96137189281345e-68
"1777","slope","Urban",-0.0265755494916735,-0.0324619706232707,-0.0206891283600764,9.70446456438057e-19
"1778","slope","Natural",-0.0674315752872128,-0.0724204286650301,-0.0624427219093956,2.0138752718852e-151
"1779","slope","Suburban",-0.0422327606874847,-0.0469595497538452,-0.0375059716211242,4.87394565981265e-68
"1780","slope","Urban",-0.0288639513709935,-0.0347684764109959,-0.0229594263309912,1.08886924548526e-21
"1781","slope","Natural",-0.0683860007964568,-0.0733932645239243,-0.0633787370689893,1.73877413058924e-154
"1782","slope","Suburban",-0.0418643838673456,-0.0466039349187407,-0.0371248328159506,1.49120938114629e-66
"1783","slope","Urban",-0.0284312087459898,-0.0343419003765921,-0.0225205171153874,4.71979066665726e-21
"1784","slope","Natural",-0.0682806210539477,-0.0732923539414833,-0.0632688881664121,9.21774606173452e-154
"1785","slope","Suburban",-0.04251189645037,-0.0472590644538514,-0.0377647284468885,2.44038649224466e-68
"1786","slope","Urban",-0.027398291150137,-0.0333065450580153,-0.0214900372422587,1.10779872526661e-19
"1787","slope","Natural",-0.0688987701191872,-0.0739077549679446,-0.0638897852704298,1.2568426827987e-156
"1788","slope","Suburban",-0.0421763241348928,-0.0469206333775193,-0.0374320148922662,2.21357203236013e-67
"1789","slope","Urban",-0.0309458093624109,-0.0368382041051682,-0.0250534146196535,8.93944622126827e-25
"1790","slope","Natural",-0.0685657507635091,-0.0735648078934067,-0.0635666936336115,9.17245587806964e-156
"1791","slope","Suburban",-0.0426952121224871,-0.0474297009027374,-0.0379607233422367,2.89842940554204e-69
"1792","slope","Urban",-0.0285016013357381,-0.0343965152996583,-0.022606687371818,2.9728131036138e-21
"1793","slope","Natural",-0.0680135726199517,-0.0730130988847131,-0.0630140463551903,2.53251728212051e-153
"1794","slope","Suburban",-0.042265001500139,-0.0469984495111505,-0.0375315534891275,5.92002491186006e-68
"1795","slope","Urban",-0.0282037780590617,-0.0341010498850056,-0.0223065062331179,7.87389208259428e-21
"1796","slope","Natural",-0.0671865984679535,-0.0721865284896267,-0.0621866684462803,1.01789792509885e-149
"1797","slope","Suburban",-0.042051268039602,-0.0467852850572329,-0.0373172510219711,2.80952427360767e-67
"1798","slope","Urban",-0.029799155382258,-0.0357103836153796,-0.0238879271491365,5.84367910023113e-23
"1799","slope","Natural",-0.0679319068366891,-0.0729452463907081,-0.0629185672826702,3.73207254570561e-152
"1800","slope","Suburban",-0.0424750668368361,-0.0472228940864202,-0.037727239587252,3.30963797048625e-68
"1801","slope","Urban",-0.0266634990750562,-0.0325850276150692,-0.0207419705350431,1.19476713003663e-18
"1802","slope","Natural",-0.0674430595553049,-0.0724641340327975,-0.0624219850778123,1.33689219175104e-149
"1803","slope","Suburban",-0.0433763252608423,-0.0481297495795701,-0.0386229009421145,7.30011945261842e-71
"1804","slope","Urban",-0.0258990180952324,-0.0318070660888322,-0.0199909701016325,9.28096511059364e-18
"1805","slope","Natural",-0.0674312763522402,-0.0724408427758046,-0.0624217099286759,3.25240987603366e-150
"1806","slope","Suburban",-0.0423624233226212,-0.047107113542967,-0.0376177331022755,6.04607385950198e-68
"1807","slope","Urban",-0.027653674143986,-0.0335636142978613,-0.0217437339901107,5.20904713622857e-20
"1808","slope","Natural",-0.0690415477546435,-0.0740546995133066,-0.0640283959959804,5.30202770366398e-157
"1809","slope","Suburban",-0.0448139038519311,-0.0495592951161337,-0.0400685125877284,1.03775923841409e-75
"1810","slope","Urban",-0.030011901580989,-0.0359263383662179,-0.0240974647957601,3.05583811879634e-23
"1811","slope","Natural",-0.06887208893068,-0.0738885964660993,-0.0638555813952608,4.67179936042068e-156
"1812","slope","Suburban",-0.0415206964335413,-0.0462699065246998,-0.0367714863423828,3.00898541181348e-65
"1813","slope","Urban",-0.0277290110475187,-0.033656868689031,-0.0218011534060064,5.34592859520466e-20
"1814","slope","Natural",-0.0676933114900363,-0.0727208889425547,-0.062665734037518,2.68016167063263e-150
"1815","slope","Suburban",-0.0430568449380232,-0.0478166158058673,-0.0382970740701792,1.11113637906503e-69
"1816","slope","Urban",-0.0296136272676858,-0.0355271509807798,-0.0237001035545918,1.11492873311674e-22
"1817","slope","Natural",-0.0687135991877774,-0.0737287412865565,-0.0636984570889983,1.90692944791354e-155
"1818","slope","Suburban",-0.0424984271801349,-0.0472472807188506,-0.0377495736414193,2.99157278935319e-68
"1819","slope","Urban",-0.0315742251557758,-0.0374646491961569,-0.0256838011153948,9.7495429767975e-26
"1820","slope","Natural",-0.068279250617303,-0.0732753534681807,-0.0632831477664254,1.09762923654677e-154
"1821","slope","Suburban",-0.0401939242605502,-0.0449254029741779,-0.0354624455469225,9.77038062126063e-62
"1822","slope","Urban",-0.0301652666510043,-0.0360978289035766,-0.0242327043984321,2.49517383409722e-23
"1823","slope","Natural",-0.0682185814707315,-0.073248542079186,-0.063188620862277,2.02788634750949e-152
"1824","slope","Suburban",-0.0429913434400355,-0.0477548812786742,-0.0382278056013968,2.269398049904e-69
"1825","slope","Urban",-0.0298619129538434,-0.0357807683535037,-0.0239430575541831,5.39504832084933e-23
"1826","slope","Natural",-0.0697954423569699,-0.0748160943938723,-0.0647747903200675,7.2399931882996e-160
"1827","slope","Suburban",-0.0422562105617006,-0.047010437160129,-0.0375019839632721,2.34724930417898e-67
"1828","slope","Urban",-0.0292677477392357,-0.0351633803630469,-0.0233721151154246,2.57310085278243e-22
"1829","slope","Natural",-0.0662425462943066,-0.0712417566532268,-0.0612433359353864,1.01175821122652e-145
"1830","slope","Suburban",-0.0398176577258111,-0.044550226622504,-0.0350850888291182,1.3299660709573e-60
"1831","slope","Urban",-0.0321278279522271,-0.0380502473571839,-0.0262054085472704,2.5550901683414e-26
"1832","slope","Natural",-0.0673969502689848,-0.072419175761221,-0.0623747247767487,2.45443471902859e-149
"1833","slope","Suburban",-0.0416481025014915,-0.0464046283341386,-0.0368915766688444,1.93437905003061e-65
"1834","slope","Urban",-0.0285065374391435,-0.0344341727763194,-0.0225789021019676,4.81199706160981e-21
"1835","slope","Natural",-0.0673440694258917,-0.072372016786696,-0.0623161220650873,8.78405223215858e-149
"1836","slope","Suburban",-0.0421062503785224,-0.0468639075368155,-0.0373485932202293,8.38048197476702e-67
"1837","slope","Urban",-0.0297738481397817,-0.0356766954076414,-0.023871000871922,5.52639952143722e-23
"1838","slope","Natural",-0.0675789425335368,-0.072583658787771,-0.0625742262793026,3.92273391931279e-151
"1839","slope","Suburban",-0.0415035024439854,-0.0462435200280699,-0.036763484859901,1.9349519371402e-65
"1840","slope","Urban",-0.0305120635594113,-0.0364075939518522,-0.0246165331669703,4.14525522295513e-24
"1841","slope","Natural",-0.0679622175087535,-0.0729622767255369,-0.0629621582919701,4.5581498884137e-153
"1842","slope","Suburban",-0.0413585719430259,-0.0460942665837691,-0.0366228773022826,4.09068107396911e-65
"1843","slope","Urban",-0.0286903935592601,-0.0346077851284663,-0.0227730019900539,2.30792701164448e-21
"1844","slope","Natural",-0.0673526828207199,-0.072370968910514,-0.0623343967309257,2.25483433856502e-149
"1845","slope","Suburban",-0.0410710527499792,-0.0458237073689491,-0.0363183981310093,8.34482188055348e-64
"1846","slope","Urban",-0.0294266645306237,-0.0353557620027629,-0.0234975670584844,2.63374511636036e-22
"1847","slope","Natural",-0.0682890522456304,-0.0733186281598906,-0.0632594763313701,9.5503884423445e-153
"1848","slope","Suburban",-0.0414763726512984,-0.0462385942662892,-0.0367141510363076,9.00876211690384e-65
"1849","slope","Urban",-0.0305772891577674,-0.0365069995322364,-0.0246475787832984,6.03109432112552e-24
"1850","slope","Natural",-0.0685191626134356,-0.0735478808382321,-0.063490444388639,8.58450217707891e-154
"1851","slope","Suburban",-0.0416945933537036,-0.0464547492124703,-0.0369344374949369,1.74592176629446e-65
"1852","slope","Urban",-0.0290728378718353,-0.0349881286886514,-0.0231575470550191,6.60511232645564e-22
"1853","slope","Natural",-0.0675425034591355,-0.072559690593394,-0.0625253163248771,2.9869923418135e-150
"1854","slope","Suburban",-0.0435469383844904,-0.0482977593750274,-0.0387961173939534,1.7757487695199e-71
"1855","slope","Urban",-0.0298561250007116,-0.0357786065416962,-0.0239336434597269,5.83911962852479e-23
"1856","slope","Natural",-0.0694134043070341,-0.0744371371301469,-0.0643896714839213,5.39654817493186e-158
"1857","slope","Suburban",-0.0434743798145029,-0.0482290560289434,-0.0387197036000623,3.8927901461038e-71
"1858","slope","Urban",-0.0268897351546796,-0.0328015007693343,-0.0209779695400249,5.36503337749212e-19
"1859","slope","Natural",-0.0678405754416957,-0.0728528003959659,-0.0628283504874254,7.9769185272e-152
"1860","slope","Suburban",-0.0426064878934971,-0.0473549138309256,-0.0378580619560685,1.34631800231124e-68
"1861","slope","Urban",-0.0306675530398516,-0.0365647692515674,-0.0247703368281358,2.52037336638493e-24
"1862","slope","Natural",-0.0681415639539128,-0.0731442605440148,-0.0631388673638108,1.0821623656708e-153
"1863","slope","Suburban",-0.0419022378618904,-0.0466386170937252,-0.0371658586300556,9.36485084866979e-67
"1864","slope","Urban",-0.0298763774105477,-0.0357884745934448,-0.0239642802276506,4.59747309939364e-23
"1865","slope","Natural",-0.0680831664441355,-0.073095585544683,-0.063070747343588,7.2893823487413e-153
"1866","slope","Suburban",-0.0424300477842172,-0.0471757240081543,-0.03768437156028,3.9771131405141e-68
"1867","slope","Urban",-0.0267679755967795,-0.0326610682281024,-0.0208748829654565,5.98839415822535e-19
"1868","slope","Natural",-0.067764907986924,-0.0727628381601939,-0.062766977813654,2.45750944299616e-152
"1869","slope","Suburban",-0.0416503938189336,-0.0463834278096224,-0.0369173598282448,4.4916572183261e-66
"1870","slope","Urban",-0.0293250672998174,-0.0352323227413267,-0.0234178118583082,2.57624981841349e-22
"1871","slope","Natural",-0.0682888561134646,-0.0732990546911705,-0.0632786575357586,6.88384253737051e-154
"1872","slope","Suburban",-0.0430927551225761,-0.047837471304053,-0.0383480389410992,3.20685207331196e-70
"1873","slope","Urban",-0.0286435160622832,-0.0345316292429481,-0.0227554028816183,1.70489836053723e-21
"1874","slope","Natural",-0.068014191456429,-0.0730065957430461,-0.0630217871698119,9.51334025260856e-154
"1875","slope","Suburban",-0.0422846780032292,-0.0470137268343765,-0.037555629172082,3.88492372546765e-68
"1876","slope","Urban",-0.0292184914814383,-0.0351263228592261,-0.0233106601036506,3.67137279541509e-22
"1877","slope","Natural",-0.0678063665668489,-0.0728163525036793,-0.0627963806300186,8.29310649884044e-152
"1878","slope","Suburban",-0.0419144496530263,-0.0466571545396477,-0.0371717447664049,1.27510883213166e-66
"1879","slope","Urban",-0.0271346033957549,-0.0330337711657806,-0.0212354356257292,2.16694543955566e-19
"1880","slope","Natural",-0.0691807654781763,-0.0741828562933043,-0.0641786746630484,2.7462553133065e-158
"1881","slope","Suburban",-0.0428068004395433,-0.0475422075086724,-0.0380713933704142,1.37633125703474e-69
"1882","slope","Urban",-0.0300129564846021,-0.0359213664802429,-0.0241045464889614,2.7517012549055e-23
"1883","slope","Natural",-0.0687318524735834,-0.073742304941507,-0.0637214000056599,8.30923962928742e-156
"1884","slope","Suburban",-0.0427189843563926,-0.0474640989880469,-0.0379738697247382,4.86197770052623e-69
"1885","slope","Urban",-0.0310182956220427,-0.0369280870950931,-0.0251085041489923,9.53606780738407e-25
"1886","slope","Natural",-0.0690145711893212,-0.0740251071248724,-0.0640040352537701,4.83822466355652e-157
"1887","slope","Suburban",-0.0422992379005345,-0.0470442636488427,-0.0375542121522262,9.68094296349812e-68
"1888","slope","Urban",-0.0285886220227014,-0.0344975681863577,-0.022679675859045,2.79795223015409e-21
"1889","slope","Natural",-0.0685011339863587,-0.0735116046109242,-0.0634906633617933,8.48930208857765e-155
"1890","slope","Suburban",-0.0431063749538239,-0.0478505188646038,-0.038362231043044,2.79856613330597e-70
"1891","slope","Urban",-0.0274871596874987,-0.0333876138423621,-0.0215867055326354,7.56893650912788e-20
"1892","slope","Natural",-0.0682872748800429,-0.0732911589710558,-0.0632833907890299,2.94754605360119e-154
"1893","slope","Suburban",-0.0426791816216366,-0.047417617406054,-0.0379407458372193,4.20095716515494e-69
"1894","slope","Urban",-0.033223959844936,-0.0391292502185706,-0.0273186694713015,3.5399516909851e-28
"1895","slope","Natural",-0.067870541239707,-0.0728770831169167,-0.0628639993624973,2.74620379950608e-152
"1896","slope","Suburban",-0.0419514044965155,-0.0466924171192831,-0.037210391873748,8.83876329993029e-67
"1897","slope","Urban",-0.0283837018857103,-0.034301691512552,-0.0224657122588687,6.11523434826268e-21
"1898","slope","Natural",-0.0685023161632161,-0.073520994322048,-0.0634836380043841,2.58381325926248e-154
"1899","slope","Suburban",-0.0432623494966472,-0.0480136359902867,-0.0385110630030078,1.44799208371428e-70
"1900","slope","Urban",-0.0298120330152805,-0.0357184350390435,-0.0239056309915174,5.16960993034824e-23
"1901","slope","Natural",-0.0677879509475949,-0.0727962078228373,-0.0627796940723525,7.88771898907165e-152
"1902","slope","Suburban",-0.0410616679159397,-0.0458046833797091,-0.0363186524521703,5.00799517635133e-64
"1903","slope","Urban",-0.0295757342277458,-0.0354812594194082,-0.0236702090360833,1.10708072339367e-22
"1904","slope","Natural",-0.0683413528917179,-0.0733505109148548,-0.0633321948685809,3.52889699486698e-154
"1905","slope","Suburban",-0.0408559792506796,-0.045599794249793,-0.0361121642515662,2.16932574585634e-63
"1906","slope","Urban",-0.0274100100660408,-0.0333412507481473,-0.0214787693839344,1.47520416372671e-19
"1907","slope","Natural",-0.0678213119123497,-0.0728524968498733,-0.0627901269748262,1.22389932182791e-150
"1908","slope","Suburban",-0.0421913445444414,-0.0469546061159905,-0.0374280829728924,6.52964515187822e-67
"1909","slope","Urban",-0.0315868960459969,-0.0374909326027771,-0.0256828594892166,1.20342973802958e-25
"1910","slope","Natural",-0.0680742861389611,-0.073080326407057,-0.0630682458708652,3.34857226355168e-153
"1911","slope","Suburban",-0.0429900522043021,-0.0477308895751037,-0.0382492148335006,5.22513929165681e-70
"1912","slope","Urban",-0.0328790380175248,-0.0387954555776368,-0.0269626204574128,1.55638316310755e-27
"1913","slope","Natural",-0.0682436274073926,-0.0732607504944769,-0.0632265043203083,2.77997112488645e-153
"1914","slope","Suburban",-0.043028199654271,-0.0477799467091294,-0.0382764525994125,8.09799669623182e-70
"1915","slope","Urban",-0.0307055783613161,-0.0365895018553926,-0.0248216548672396,1.74865570874289e-24
"1916","slope","Natural",-0.0683695024097456,-0.0733613033229951,-0.0633777014964962,2.43750452723955e-155
"1917","slope","Suburban",-0.0426065339600562,-0.0473343658695894,-0.037878702050523,3.56297693319783e-69
"1918","slope","Urban",-0.031261391525577,-0.0371511433864988,-0.0253716396646552,2.86603032249667e-25
"1919","slope","Natural",-0.0687240591179844,-0.0737189140418744,-0.0637292041940944,1.02987215087729e-156
"1920","slope","Suburban",-0.0434840207079172,-0.0482130534189484,-0.038754987996886,6.51083804107419e-72
"1921","slope","Urban",-0.0294935835343741,-0.0353888821587007,-0.0235982849100475,1.22514621409624e-22
"1922","slope","Natural",-0.068842515267178,-0.073842404908162,-0.0638426256261939,6.2599827708974e-157
"1923","slope","Suburban",-0.0427790314538662,-0.0475113462532146,-0.0380467166545179,1.37462753306301e-69
"1924","slope","Urban",-0.0310077844659949,-0.0369140150512891,-0.0251015538807007,9.27274208234702e-25
"1925","slope","Natural",-0.068832576565505,-0.0738403855888119,-0.0638247675421981,2.08468187279614e-156
"1926","slope","Suburban",-0.0435892098854222,-0.0483331400561698,-0.0388452797146746,8.21759492019929e-72
"1927","slope","Urban",-0.0294962951309398,-0.0354063826175069,-0.0235862076443726,1.54583862810801e-22
"1928","slope","Natural",-0.067930272934593,-0.0729400454771798,-0.0629205003920061,2.3437073115268e-152
"1929","slope","Suburban",-0.0424912721197669,-0.047236351825816,-0.0377461924137177,2.47433460811856e-68
"1930","slope","Urban",-0.032194479262408,-0.0381206659359347,-0.0262682925888812,2.17093804460276e-26
"1931","slope","Natural",-0.0694389907994595,-0.0744639132078063,-0.0644140683911127,4.9169884830614e-158
"1932","slope","Suburban",-0.0431701069820367,-0.0479288449578378,-0.0384113690062357,4.59856047352902e-70
"1933","slope","Urban",-0.0291546877363745,-0.035073727120861,-0.023235648351888,5.38881080766049e-22
"1934","slope","Natural",-0.068669778201556,-0.0736896802076255,-0.0636498761954864,5.70284369963156e-155
"1935","slope","Suburban",-0.0433234758023704,-0.0480768614684024,-0.0385700901363383,1.06822746781764e-70
"1936","slope","Urban",-0.029474602298341,-0.0353859924231824,-0.0235632121734995,1.69445154832307e-22
"1937","slope","Natural",-0.067360785563956,-0.0723730354503474,-0.0623485356775646,9.3414364623533e-150
"1938","slope","Suburban",-0.0414544189293043,-0.0462021069691796,-0.0367067308894291,4.35174995816416e-65
"1939","slope","Urban",-0.0284669550252383,-0.0343700813943278,-0.0225638286561487,3.76001014778993e-21
"1940","slope","Natural",-0.0675585728574887,-0.0725629667889294,-0.062554178926048,4.60023330538096e-151
"1941","slope","Suburban",-0.0417307357518557,-0.0464700293863197,-0.0369914421173918,3.76095059589818e-66
"1942","slope","Urban",-0.0303282451927663,-0.0362291690455782,-0.0244273213399544,8.45916975868177e-24
"1943","slope","Natural",-0.0678091844251138,-0.0728146674952285,-0.0628037013549991,4.39154622798129e-152
"1944","slope","Suburban",-0.0429426864104641,-0.047681488508037,-0.0382038843128911,6.44051917632565e-70
"1945","slope","Urban",-0.0288314656584807,-0.0347569965443894,-0.022905934772572,1.67316430705255e-21
"1946","slope","Natural",-0.0678184230140164,-0.0728433978026486,-0.0627934482253842,5.49975096313432e-151
"1947","slope","Suburban",-0.0415521378794911,-0.0463106570555919,-0.0367936187033902,4.25798372874783e-65
"1948","slope","Urban",-0.0307062601535905,-0.0366261397346185,-0.0247863805725625,3.29362928034757e-24
"1949","slope","Natural",-0.0679232144029419,-0.0729437171097244,-0.0629027116961593,1.06781869081216e-151
"1950","slope","Suburban",-0.0430353768258688,-0.0477903772048459,-0.0382803764468918,9.50652099304132e-70
"1951","slope","Urban",-0.0274606345731334,-0.0333723538422575,-0.0215489153040092,9.62598551246402e-20
"1952","slope","Natural",-0.0685153025006848,-0.0735273462635129,-0.0635032587378567,9.14305821758127e-155
"1953","slope","Suburban",-0.0417276645921699,-0.0464753160837889,-0.0369800131005508,6.43922821485907e-66
"1954","slope","Urban",-0.0306728104018993,-0.0365740092609997,-0.0247716115427988,2.65613353528603e-24
"1955","slope","Natural",-0.0681304147007744,-0.0731350938272323,-0.0631257355743164,1.58629725981588e-153
"1956","slope","Suburban",-0.041916753777868,-0.0466557388326091,-0.0371777687231268,9.94694708544909e-67
"1957","slope","Urban",-0.0299040569466107,-0.035832496612209,-0.0239756172810125,5.50610186123876e-23
"1958","slope","Natural",-0.0681376014213689,-0.0731654977147244,-0.0631097051280133,3.43168953154949e-152
"1959","slope","Suburban",-0.0422586459001633,-0.0470186361771257,-0.0374986556232008,3.31231081368686e-67
"1960","slope","Urban",-0.0277787009753221,-0.0336957185364152,-0.021861683414229,3.93108829262746e-20
"1961","slope","Natural",-0.0680982562215627,-0.0731132345835335,-0.063083277859592,8.87048052475131e-153
"1962","slope","Suburban",-0.0415056656499329,-0.0462565594350445,-0.0367547718648213,3.70141864516423e-65
"1963","slope","Urban",-0.0287918938858898,-0.0347182230917227,-0.0228655646800568,1.92010763633963e-21
"1964","slope","Natural",-0.0687385064536237,-0.073765467535004,-0.0637115453722434,7.53375313906965e-155
"1965","slope","Suburban",-0.0434060122477575,-0.0481643635989169,-0.0386476608965982,8.15436513006846e-71
"1966","slope","Urban",-0.0274294096777872,-0.0333224386291843,-0.0215363807263902,8.12398445993875e-20
"1967","slope","Natural",-0.0686504842354717,-0.0736457766886593,-0.0636551917822842,2.30697602085306e-156
"1968","slope","Suburban",-0.0429688420662954,-0.0476990774835562,-0.0382386066490346,3.03465138018311e-70
"1969","slope","Urban",-0.0306425387300227,-0.0365641319516526,-0.0247209455083929,4.20727130062775e-24
"1970","slope","Natural",-0.0684559875093422,-0.0734794509445521,-0.0634325240741323,7.89142921119318e-154
"1971","slope","Suburban",-0.0436268870308957,-0.0483836595706165,-0.0388701144911749,1.47578913163106e-71
"1972","slope","Urban",-0.0297520297895869,-0.0356901508058913,-0.0238139087732824,1.06103434966581e-22
"1973","slope","Natural",-0.0673422045801635,-0.0723776351119726,-0.0623067740483544,2.39059075368823e-148
"1974","slope","Suburban",-0.0433371852288296,-0.048106125727758,-0.0385682447299012,2.68983353518063e-70
"1975","slope","Urban",-0.0292070494543346,-0.0351042712263177,-0.0233098276823516,3.21449210834239e-22
"1976","slope","Natural",-0.0673487261396842,-0.0723503295559386,-0.0623471227234297,2.54797111278658e-150
"1977","slope","Suburban",-0.0432470115705565,-0.0479817344746454,-0.0385122886664676,5.40198240143862e-71
"1978","slope","Urban",-0.0270076234729507,-0.0329030486732547,-0.0211121982726467,3.01617422287424e-19
"1979","slope","Natural",-0.0677692437527447,-0.0727673579459758,-0.0627711295595137,2.41379448893376e-152
"1980","slope","Suburban",-0.0432124716867404,-0.0479463364337288,-0.0384786069397521,6.56256520495566e-71
"1981","slope","Urban",-0.0294689254207601,-0.0353663629593984,-0.0235714878821219,1.37535284412044e-22
"1982","slope","Natural",-0.0679272766830043,-0.0729285759455098,-0.0629259774204987,7.65191208953239e-153
"1983","slope","Suburban",-0.0427580235559452,-0.0474947202210509,-0.0380213268908395,2.12789560747024e-69
"1984","slope","Urban",-0.0299998178385045,-0.0359205953588061,-0.024079040318203,3.53681964127529e-23
"1985","slope","Natural",-0.0675594566601657,-0.072579051139657,-0.0625398621806745,3.48024682570545e-150
"1986","slope","Suburban",-0.0442593219281852,-0.0490139665454009,-0.0395046773109695,1.23319290806035e-73
"1987","slope","Urban",-0.0301092815717249,-0.0360252156793477,-0.024193347464102,2.26967342730591e-23
"1988","slope","Natural",-0.0691698269336042,-0.0741872872496295,-0.0641523666175789,2.64018779086468e-157
"1989","slope","Suburban",-0.0424595001555053,-0.0472100360229915,-0.037708964288019,4.39370056350619e-68
"1990","slope","Urban",-0.0322000603455743,-0.0381173516944545,-0.026282768996694,1.79421979262625e-26
"1991","slope","Natural",-0.0676546570835887,-0.0726746736184218,-0.0626346405487555,1.43542786789043e-150
"1992","slope","Suburban",-0.0422854139815769,-0.0470367036740981,-0.0375341242890557,1.58659484876453e-67
"1993","slope","Urban",-0.0282439417455869,-0.0341560123894942,-0.0223318711016796,8.66396092203303e-21
"1994","slope","Natural",-0.0688156774569316,-0.0738285331075953,-0.0638028218062679,4.97450568266453e-156
"1995","slope","Suburban",-0.0412354973711728,-0.0459848438509988,-0.0364861508913467,2.1994444063615e-64
"1996","slope","Urban",-0.0301079717285601,-0.0360076162242152,-0.0242083272329051,1.72952504634976e-23
"1997","slope","Natural",-0.0685607650237016,-0.0735635788378545,-0.0635579512095487,1.62148405096487e-155
"1998","slope","Suburban",-0.0421162242962546,-0.0468544836920414,-0.0373779649004678,2.31508031240785e-67
"1999","slope","Urban",-0.0257577793335868,-0.031675024126773,-0.0198405345404007,1.5601926616799e-17
"2000","slope","Natural",-0.0686291374081492,-0.0736482861118841,-0.0636099887044143,7.73205567672183e-155
"2001","slope","Suburban",-0.0417607865054819,-0.0465118212735221,-0.0370097517374416,6.28835736777866e-66
"2002","slope","Urban",-0.0282056058935639,-0.0340944244028661,-0.0223167873842617,6.89541987749662e-21
"2003","slope","Natural",-0.0686409274927186,-0.0736335803611758,-0.0636482746242613,1.75971992514885e-156
"2004","slope","Suburban",-0.0444223362758818,-0.0491483490357733,-0.0396963235159904,4.98165774006118e-75
"2005","slope","Urban",-0.0290363829777826,-0.0349205677298513,-0.023152198225714,4.53447484534951e-22
"2006","slope","Natural",-0.0685628325001801,-0.0735524162687065,-0.0635732487316537,2.53364346198567e-156
"2007","slope","Suburban",-0.0423833383619555,-0.0471083562156066,-0.0376583205083044,1.47925101763494e-68
"2008","slope","Urban",-0.030324033359686,-0.0362389814850626,-0.0244090852343094,1.09185908925431e-23
"2009","slope","Natural",-0.0672026003704621,-0.0722182522104785,-0.0621869485304458,6.98784432758422e-149
"2010","slope","Suburban",-0.0418923888673899,-0.0466417274612245,-0.0371430502735553,2.24921667589346e-66
"2011","slope","Urban",-0.0278761104549934,-0.0337943418052139,-0.021957879104773,2.9659908605358e-20
"2012","slope","Natural",-0.0682786265925766,-0.0732969017985656,-0.0632603513865876,2.2919323842674e-153
"2013","slope","Suburban",-0.0431859215680993,-0.0479385360357889,-0.0384333071004097,2.74685251727876e-70
"2014","slope","Urban",-0.0279722603371914,-0.0339047871304941,-0.0220397335438888,2.71484671243863e-20
"2015","slope","Natural",-0.0676812796725674,-0.0727109183755071,-0.0626516409696276,3.97080234418723e-150
"2016","slope","Suburban",-0.0422842916727654,-0.0470477936819783,-0.0375207896635525,3.44432830672139e-67
"2017","slope","Urban",-0.0315046662976482,-0.0374098008358019,-0.0255995317594945,1.63570900837336e-25
"2018","slope","Natural",-0.0681983107575714,-0.0732071069549333,-0.0631895145602096,1.40816506427801e-153
"2019","slope","Suburban",-0.0443612658843364,-0.0491031729747844,-0.0396193587938884,2.39637293764426e-74
"2020","slope","Urban",-0.0305670632282973,-0.0364729363694835,-0.0246611900871111,4.12466809805635e-24
"2021","slope","Natural",-0.0677798615196521,-0.0727885346662759,-0.0627711883730283,9.04303046213843e-152
"2022","slope","Suburban",-0.0430377404890575,-0.0477825469216579,-0.0382929340564571,4.80173138696708e-70
"2023","slope","Urban",-0.0285256390157714,-0.0344226894075884,-0.0226285886239544,2.8465186329177e-21
"2024","slope","Natural",-0.0676092060019306,-0.0726089790818691,-0.062609432921992,1.49282996931248e-151
"2025","slope","Suburban",-0.0414922490054701,-0.0462250024165758,-0.0367594955943645,1.34083402612361e-65
"2026","slope","Urban",-0.0307572423721998,-0.0366880098611907,-0.0248264748832089,3.35516987958363e-24
"2027","slope","Natural",-0.0686300219106609,-0.0736592463746958,-0.063600797446626,3.03936800247194e-154
"2028","slope","Suburban",-0.0428089379309485,-0.0475698595517386,-0.0380480163101584,7.06704675030781e-69
"2029","slope","Urban",-0.0299295500057114,-0.035822463423728,-0.0240366365876947,2.79489346791127e-23
"2030","slope","Natural",-0.0671545054467074,-0.0721533154307634,-0.0621556954626513,1.20472458471892e-149
"2031","slope","Suburban",-0.0419893578879411,-0.046723126423552,-0.0372555893523303,4.29083094561207e-67
"2032","slope","Urban",-0.0264573809695992,-0.0323534033193203,-0.0205613586198781,1.56416566836254e-18
"2033","slope","Natural",-0.0681390757659602,-0.0731393683159533,-0.0631387832159671,7.98727290352315e-154
"2034","slope","Suburban",-0.0428237533076094,-0.047558717935993,-0.0380887886792259,1.18324598279822e-69
"2035","slope","Urban",-0.0286297289188261,-0.0345563000467618,-0.0227031577908905,3.21567621842542e-21
"2036","slope","Natural",-0.068798311522484,-0.0738232853618766,-0.0637733376830913,3.14952065696937e-155
"2037","slope","Suburban",-0.0439181929772004,-0.0486779359907838,-0.039158449963617,2.14681223831662e-72
"2038","slope","Urban",-0.0294446594777916,-0.0353699639942844,-0.0235193549612987,2.33807245598482e-22
"2039","slope","Natural",-0.0682881385849786,-0.0733131139517039,-0.0632631632182532,5.1755415410844e-153
"2040","slope","Suburban",-0.0419570175799393,-0.0467154873308571,-0.0371985478290215,2.51502954051444e-66
"2041","slope","Urban",-0.0279914262882817,-0.0338966457009237,-0.0220862068756397,1.71774900073079e-20
"2042","slope","Natural",-0.0679578765967281,-0.0729629763552747,-0.0629527768381815,9.44560985272625e-153
"2043","slope","Suburban",-0.0408104705733253,-0.0455517156102865,-0.0360692255363642,2.54777954965035e-63
"2044","slope","Urban",-0.0296403767549591,-0.0355462924753419,-0.0237344610345763,9.01618079805098e-23
"2045","slope","Natural",-0.0688936319265677,-0.0739012584218059,-0.0638860054313296,1.09649273080371e-156
"2046","slope","Suburban",-0.0435612222659143,-0.0483038514235078,-0.0388185931083208,9.24052839866229e-72
"2047","slope","Urban",-0.0280707034594665,-0.0339962125567433,-0.0221451943621898,1.80984828396708e-20
"2048","slope","Natural",-0.0679145760454462,-0.0729400590506975,-0.062889093040195,2.2705860865952e-151
"2049","slope","Suburban",-0.0437459619027815,-0.0485033693151017,-0.0389885544904612,6.4625827561742e-72
"2050","slope","Urban",-0.0284758155348052,-0.0343633003422869,-0.0225883307273235,2.87878421576224e-21
"2051","slope","Natural",-0.0681051786745096,-0.07309710393728,-0.0631132534117392,3.56685642596286e-154
"2052","slope","Suburban",-0.0437169249877902,-0.0484437720136159,-0.0389900779619645,1.0093480329919e-72
"2053","slope","Urban",-0.0289426612769508,-0.0348648417387387,-0.0230204808151629,1.11554454464258e-21
"2054","slope","Natural",-0.0692451115388606,-0.0742668740243239,-0.0642233490533973,2.24664987467e-157
"2055","slope","Suburban",-0.041409775200289,-0.046166961003332,-0.0366525893972461,1.05463791612347e-64
"2056","slope","Urban",-0.0294226627548714,-0.0353239650126796,-0.0235213604970631,1.70353913972426e-22
"2057","slope","Natural",-0.0676254187182397,-0.0726301689367536,-0.0626206684997257,2.48161792035642e-151
"2058","slope","Suburban",-0.0418667714710577,-0.0466047721639913,-0.0371287707781241,1.33113079973758e-66
"2059","slope","Urban",-0.0284467695885893,-0.034359753368483,-0.0225337858086956,4.65303035705292e-21
"2060","slope","Natural",-0.0682327896874,-0.0732485249240362,-0.0632170544507638,2.56655195172654e-153
"2061","slope","Suburban",-0.0420756408225042,-0.0468231220914946,-0.0373281595535139,5.50889999487558e-67
"2062","slope","Urban",-0.0298548346078581,-0.0357630968176335,-0.0239465723980827,4.63043609417351e-23
"2063","slope","Natural",-0.0681911738076916,-0.0731995904780195,-0.0631827571373636,1.43687932463806e-153
"2064","slope","Suburban",-0.04240940843294,-0.0471528307395408,-0.0376659861263392,3.99131327395013e-68
"2065","slope","Urban",-0.0291630839611457,-0.0350718200524186,-0.0232543478698729,4.45404725047379e-22
"2066","slope","Natural",-0.0688786017741688,-0.0738889179731223,-0.0638682855752153,1.85401297536179e-156
"2067","slope","Suburban",-0.0435320133855838,-0.0482758221788575,-0.0387882045923101,1.23822355582681e-71
"2068","slope","Urban",-0.0310677945044126,-0.0369456373288335,-0.0251899516799917,4.50611200080985e-25
"2069","slope","Natural",-0.0698878454715154,-0.0748732081508952,-0.0649024827921355,1.79334328625533e-162
"2070","slope","Suburban",-0.0422389729450477,-0.0469606433436699,-0.0375173025464254,3.35985469655509e-68
"2071","slope","Urban",-0.0305118943000834,-0.0364410729784189,-0.0245827156217478,7.43907144240197e-24
"2072","slope","Natural",-0.0671212614013051,-0.0721486835382164,-0.0620938392643938,7.30141154002522e-148
"2073","slope","Suburban",-0.0433705599741299,-0.0481325659654473,-0.0386085539828126,1.34116160375809e-70
"2074","slope","Urban",-0.0279290022412819,-0.0338496068742972,-0.0220083976082666,2.60867889993603e-20
"2075","slope","Natural",-0.0664955432662276,-0.0715151887291645,-0.0614758978032906,1.20320148755577e-145
"2076","slope","Suburban",-0.0413855438837736,-0.0461407635858522,-0.036630324181695,1.10805255474427e-64
"2077","slope","Urban",-0.0282753963589013,-0.0341486029593095,-0.0224021897584931,4.3676898681842e-21
"2078","slope","Natural",-0.0679622008587776,-0.072944780834455,-0.0629796208831002,4.16753461781337e-154
"2079","slope","Suburban",-0.044078129819586,-0.0487949706966733,-0.0393612889424988,3.44824306989794e-74
"2080","slope","Urban",-0.0281905236863244,-0.0340961247377134,-0.0222849226349354,9.29532795770576e-21
"2081","slope","Natural",-0.0684207595264571,-0.0734278186197177,-0.0634137004331964,1.19222698740523e-154
"2082","slope","Suburban",-0.0432255001030422,-0.0479703862049382,-0.0384806140011463,1.2396564689797e-70
"2083","slope","Urban",-0.0304354543482201,-0.0363327071237442,-0.0245382015726961,5.53358064981915e-24
"2084","slope","Natural",-0.068315074577806,-0.0733181308925466,-0.0633120182630655,1.99080014233085e-154
"2085","slope","Suburban",-0.0420028521929644,-0.0467396440289194,-0.0372660603570094,4.71591902182752e-67
"2086","slope","Urban",-0.0276483124150992,-0.0335663733934833,-0.0217302514367152,5.94674945842074e-20
"2087","slope","Natural",-0.0684776699853032,-0.0734959589939978,-0.0634593809766087,3.1359736269599e-154
"2088","slope","Suburban",-0.0412008461553824,-0.0459529423522118,-0.0364487499585529,3.29650453138787e-64
"2089","slope","Urban",-0.0285625767484178,-0.0344679951435072,-0.0226571583533283,2.87858037119534e-21
"2090","slope","Natural",-0.0680849198763217,-0.0730935270089604,-0.0630763127436831,4.27059032755758e-153
"2091","slope","Suburban",-0.0416353313096353,-0.0463783349458367,-0.036892327673434,9.23762516503222e-66
"2092","slope","Urban",-0.0277601365372813,-0.0336678738792387,-0.0218523991953239,3.64030220731475e-20
"2093","slope","Natural",-0.069191049082843,-0.07420294697997,-0.0641791511857159,9.79403986131944e-158
"2094","slope","Suburban",-0.0438829316353571,-0.0486275384720175,-0.0391383247986966,9.96309658155933e-73
"2095","slope","Urban",-0.0270338195867128,-0.0329332201704279,-0.0211344190029977,2.94465072484224e-19
"2096","slope","Natural",-0.0676409532254978,-0.0726423939072085,-0.0626395125437871,1.36145446057446e-151
"2097","slope","Suburban",-0.0415238926084879,-0.0462610825069692,-0.0367867027100065,1.4105855769338e-65
"2098","slope","Urban",-0.0275797684348489,-0.0334832175346653,-0.0216763193350325,5.95183631037818e-20
"2099","slope","Natural",-0.0684478369149116,-0.0734525232275627,-0.0634431506022606,6.54937059531057e-155
"2100","slope","Suburban",-0.0442364791590262,-0.0489781163187197,-0.0394948419993326,5.94895996784971e-74
"2101","slope","Urban",-0.0275582485267568,-0.033473327860331,-0.0216431691931826,7.50110905220455e-20
"2102","slope","Natural",-0.0685388842730838,-0.0735560533871848,-0.0635217151589828,1.45744595425252e-154
"2103","slope","Suburban",-0.0423495624530043,-0.0471007013760176,-0.037598423529991,9.97179271008865e-68
"2104","slope","Urban",-0.0293152113572657,-0.0352425591457676,-0.0233878635687638,3.66901260755375e-22
"2105","slope","Natural",-0.0686656744235543,-0.0736929843139634,-0.0636383645331453,1.63839637809312e-154
"2106","slope","Suburban",-0.0425216662358611,-0.0472839165321931,-0.0377594159395292,5.94152315372843e-68
"2107","slope","Urban",-0.0263976617859763,-0.0322968456326993,-0.0204984779392532,1.94395711981246e-18
"2108","slope","Natural",-0.0667632076801953,-0.0717668496637526,-0.061759565696638,1.08895883989232e-147
"2109","slope","Suburban",-0.0426834828106884,-0.0474210388012503,-0.0379459268201266,3.84783656099101e-69
"2110","slope","Urban",-0.0284731027349217,-0.0343760811678896,-0.0225701243019537,3.6794700134012e-21
"2111","slope","Natural",-0.0685105992435945,-0.0735180207502615,-0.0635031777369275,5.07491486079948e-155
"2112","slope","Suburban",-0.0423767309484251,-0.0471166067801622,-0.0376368551166881,4.01866291604512e-68
"2113","slope","Urban",-0.028215508005321,-0.0341031137673364,-0.0223279022433057,6.56315808689271e-21
"2114","slope","Natural",-0.0679210826752927,-0.0729133434866864,-0.062928821863899,2.37720440235904e-153
"2115","slope","Suburban",-0.0423699073847849,-0.0470982927792912,-0.0376415219902786,2.02270350712981e-68
"2116","slope","Urban",-0.0293754396578031,-0.0352704809676379,-0.0234803983479684,1.79488443463326e-22
"2117","slope","Natural",-0.0668900994276809,-0.071890495446728,-0.0618897034086338,2.03351667688858e-148
"2118","slope","Suburban",-0.0405039743711993,-0.045239028188135,-0.0357689205542636,1.44939388918662e-62
"2119","slope","Urban",-0.0285621840719184,-0.0344621105519179,-0.022662257591919,2.64957831903576e-21
"2120","slope","Natural",-0.0675817237042922,-0.0725831463521031,-0.0625803010564814,2.45157498345216e-151
"2121","slope","Suburban",-0.0433110178070864,-0.0480463983169376,-0.0385756372972352,3.53874248869539e-71
"2122","slope","Urban",-0.0294926237896139,-0.0353863341790967,-0.0235989134001311,1.19743117183305e-22
"2123","slope","Natural",-0.0679694574507677,-0.0729702073549159,-0.0629687075466194,4.65726979328744e-153
"2124","slope","Suburban",-0.0429160529991972,-0.0476506388708969,-0.0381814671274975,5.92313782210224e-70
"2125","slope","Urban",-0.0297183986525428,-0.035618646491834,-0.0238181508132516,6.35379493823439e-23
"2126","slope","Natural",-0.0688698693071498,-0.0738732524994245,-0.0638664861148752,7.72364765724678e-157
"2127","slope","Suburban",-0.0429632555984291,-0.0477021239263286,-0.0382243872705295,5.57470028760769e-70
"2128","slope","Urban",-0.028508985682934,-0.0344365244117256,-0.0225814469541423,4.76826559415377e-21
"2129","slope","Natural",-0.0678191216639815,-0.0728440167588657,-0.0627942265690972,5.401555276202e-151
"2130","slope","Suburban",-0.0420024480140177,-0.0467621691917022,-0.0372427268363332,1.97578748112466e-66
"2131","slope","Urban",-0.0291900361492606,-0.0350956230202982,-0.023284449278223,3.88310459002478e-22
"2132","slope","Natural",-0.066994802357305,-0.0720016475474827,-0.0619879571671273,1.69486951885226e-148
"2133","slope","Suburban",-0.0423031320937823,-0.0470457269290749,-0.0375605372584896,8.07081819536458e-68
"2134","slope","Urban",-0.0299089676603838,-0.0358102896075026,-0.0240076457132649,3.44741298036152e-23
"2135","slope","Natural",-0.0685732094234381,-0.0735773053436186,-0.0635691135032576,1.70749931883715e-155
"2136","slope","Suburban",-0.0417673804951818,-0.0465055110578373,-0.0370292499325264,2.70399089592106e-66
"2137","slope","Urban",-0.0283045408269019,-0.034244908321396,-0.0223641733324077,1.09205175189406e-20
"2138","slope","Natural",-0.0682610865005673,-0.0732981151510243,-0.0632240578501103,3.44264881660017e-152
"2139","slope","Suburban",-0.0428506503580438,-0.0476229417970517,-0.0380783589190359,1.08745277703381e-68
"2140","slope","Urban",-0.0287114467869582,-0.0346309963615513,-0.022791897212365,2.23188160531627e-21
"2141","slope","Natural",-0.0673351613628807,-0.072354049163984,-0.0623162735617773,2.90237015621964e-149
"2142","slope","Suburban",-0.0435552278310591,-0.0483073319163528,-0.0388031237457655,1.82124379013477e-71
"2143","slope","Urban",-0.0294904882893704,-0.0353730367165556,-0.0236079398621852,1.00372479678189e-22
"2144","slope","Natural",-0.0685601052060911,-0.0735481270013431,-0.0635720834108391,2.09517430632131e-156
"2145","slope","Suburban",-0.0434483807203275,-0.0481714402055971,-0.0387253212350579,5.65034833955135e-72
"2146","slope","Urban",-0.0292307058195603,-0.0351135479483338,-0.0233478636907869,2.36060457544328e-22
"2147","slope","Natural",-0.0684012524163231,-0.0733900814898685,-0.0634124233427777,1.17138869399372e-155
"2148","slope","Suburban",-0.0446061400776599,-0.0493296824673097,-0.0398825976880101,1.04889982992593e-75
"2149","slope","Urban",-0.0292246809780746,-0.0351286364666113,-0.023320725489538,3.38226124668641e-22
"2150","slope","Natural",-0.0683061592356328,-0.0733118591037121,-0.0633004593675535,3.12875581063708e-154
"2151","slope","Suburban",-0.0423307704555132,-0.0470725541723253,-0.0375889867387012,6.29721115890052e-68
"2152","slope","Urban",-0.0303825320712375,-0.0362581839534461,-0.024506880189029,4.53755748512721e-24
"2153","slope","Natural",-0.0668476525526256,-0.0718309480395365,-0.0618643570657147,3.2036642840971e-149
"2154","slope","Suburban",-0.0404074124432692,-0.0451255937492364,-0.0356892311373021,1.04365456636155e-62
"2155","slope","Urban",-0.0294208380653324,-0.0353112099416391,-0.0235304661890257,1.43409458839409e-22
"2156","slope","Natural",-0.0676090068803538,-0.0726041698227703,-0.0626138439379374,8.02395516105528e-152
"2157","slope","Suburban",-0.0421836222578561,-0.046913566838835,-0.0374536776768771,8.46417141005095e-68
"2158","slope","Urban",-0.0279966613748863,-0.0338881091445536,-0.0221052136052189,1.37916943591827e-20
"2159","slope","Natural",-0.0681241149111417,-0.0731205499445659,-0.0631276798777176,5.4735738031084e-154
"2160","slope","Suburban",-0.0423072395584348,-0.0470406783170338,-0.0375738007998358,4.37684571397393e-68
"2161","slope","Urban",-0.0283964188648075,-0.0343046650122705,-0.0224881727173444,5.07416602179664e-21
"2162","slope","Natural",-0.0678986402429434,-0.072908961306613,-0.0628883191792738,3.46015755575072e-152
"2163","slope","Suburban",-0.0427723698412338,-0.0475152792713936,-0.038029460411074,2.87310010498712e-69
"2164","slope","Urban",-0.0322928533575755,-0.0382216400677973,-0.0263640666473536,1.61237939852129e-26
"2165","slope","Natural",-0.0690735499208446,-0.0741012211147936,-0.0640458787268955,2.87608647446864e-156
"2166","slope","Suburban",-0.0428530651180528,-0.0476126646991306,-0.038093465536975,4.73536542540738e-69
"2167","slope","Urban",-0.0279320666524099,-0.0338517475724537,-0.0220123857323661,2.54971092182022e-20
"2168","slope","Natural",-0.0671405605123499,-0.0721607722820842,-0.0621203487426157,2.34767625597321e-148
"2169","slope","Suburban",-0.0405882354080229,-0.0453439265360494,-0.0358325442799964,2.71656585840068e-62
"2170","slope","Urban",-0.0292938740361482,-0.0352161569303714,-0.023371591141925,3.62539980813892e-22
"2171","slope","Natural",-0.0673839859248061,-0.0724048151628393,-0.0623631566867728,2.31863135648545e-149
"2172","slope","Suburban",-0.0421050945762721,-0.0468617374190297,-0.0373484517335144,7.93214299107321e-67
"2173","slope","Urban",-0.0284841970119722,-0.0343928905837269,-0.0225755034402174,3.87561253391561e-21
"2174","slope","Natural",-0.0687919520336438,-0.0738015709263799,-0.0637823331409076,4.03847559713888e-156
"2175","slope","Suburban",-0.0424477827491401,-0.0471938800025619,-0.0377016854957182,3.60056113207177e-68
"2176","slope","Urban",-0.0295120731782783,-0.0354181791413444,-0.0236059672152122,1.37610514615083e-22
"2177","slope","Natural",-0.0681686313212915,-0.0731778120493921,-0.0631594505931909,1.99738811769073e-153
"2178","slope","Suburban",-0.0430125494553656,-0.0477551726460604,-0.0382699262646707,4.99243295755051e-70
"2179","slope","Urban",-0.0308304316735352,-0.0367148005001939,-0.0249460628468765,1.14952937890358e-24
"2180","slope","Natural",-0.0676671018526599,-0.0726563519599438,-0.0626778517453759,2.01371795113682e-152
"2181","slope","Suburban",-0.0426213046282175,-0.0473476323590954,-0.0378949768973395,2.9046917636757e-69
"2182","slope","Urban",-0.0288974485806059,-0.0348150046160318,-0.0229798925451799,1.19892698023467e-21
"2183","slope","Natural",-0.0681438334968209,-0.0731643005098577,-0.063123366483784,1.18425155010723e-152
"2184","slope","Suburban",-0.043545996314804,-0.0483004990223321,-0.0387914936072759,2.28595972119966e-71
"2185","slope","Urban",-0.0288178649382098,-0.0347320958801619,-0.0229036339962577,1.46691851074728e-21
"2186","slope","Natural",-0.0687468606999933,-0.0737627581768465,-0.06373096322314,1.51511644766305e-155
"2187","slope","Suburban",-0.0434807296485827,-0.0482310418385637,-0.0387304174586017,2.78035033451077e-71
"2188","slope","Urban",-0.0271696168746201,-0.03307516371461,-0.0212640700346302,2.13023795738442e-19
"2189","slope","Natural",-0.0691972038565363,-0.0742068297286601,-0.0641875779844126,6.69732400333175e-158
"2190","slope","Suburban",-0.0431711040285821,-0.047914308249654,-0.0384278998075102,1.6459445071924e-70
"2191","slope","Urban",-0.029993723355098,-0.0358892403469967,-0.0240982063631993,2.35936500291532e-23
"2192","slope","Natural",-0.0676152157452575,-0.072612956906089,-0.062617474584426,1.06839342601289e-151
"2193","slope","Suburban",-0.0415017012553733,-0.0462348784959897,-0.036768524014757,1.28786534974345e-65
"2194","slope","Urban",-0.027027567603656,-0.0329313430759199,-0.021123792131392,3.18654070639499e-19
"2195","slope","Natural",-0.0677037124326087,-0.0727070769639788,-0.0627003479012386,9.44007994989306e-152
"2196","slope","Suburban",-0.0421826609172401,-0.0469216528385174,-0.0374436689959629,1.51276838852959e-67
"2197","slope","Urban",-0.0271200676240379,-0.0330217354767338,-0.021218399771342,2.3438389239384e-19
"2198","slope","Natural",-0.0675874878456724,-0.0725907851700587,-0.0625841905212861,2.9788048103991e-151
"2199","slope","Suburban",-0.0422618801658664,-0.0469992005478652,-0.0375245597838676,7.74513606429467e-68
"2200","slope","Urban",-0.0292732246704056,-0.0351704928388205,-0.0233759565019906,2.59528245742716e-22
"2201","slope","Natural",-0.0672450211181738,-0.0722461615973201,-0.0622438806390275,6.70215717531167e-150
"2202","slope","Suburban",-0.0417495908224855,-0.0464848412689614,-0.0370143403760096,2.56323718820386e-66
"2203","slope","Urban",-0.0312342740606563,-0.0371491719133085,-0.0253193762080041,4.98531744738176e-25
"2204","slope","Natural",-0.0680084436702779,-0.0730250944491046,-0.0629917928914512,2.72395489253311e-152
"2205","slope","Suburban",-0.0415473246577176,-0.0462965694154002,-0.036798079900035,2.50448686999608e-65
"2206","slope","Urban",-0.0294143896328115,-0.0353352280903609,-0.0234935511752621,2.40001085032528e-22
"2207","slope","Natural",-0.0676981484353001,-0.0727192554097132,-0.0626770414608871,1.07893241016716e-150
"2208","slope","Suburban",-0.0414295534715562,-0.0461862277374186,-0.0366728792056939,8.91585489585353e-65
"2209","slope","Urban",-0.0291849547443265,-0.0351024284677229,-0.02326748102093,4.76940846932106e-22
"2210","slope","Natural",-0.068482648126857,-0.0734984340687317,-0.0634668621849824,2.11944416225224e-154
"2211","slope","Suburban",-0.042732114950124,-0.0474844868452422,-0.0379797430550059,7.06496131899842e-69
"2212","slope","Urban",-0.0281271610590805,-0.0340349537612945,-0.0222193683568665,1.17012689092839e-20
"2213","slope","Natural",-0.0676105005131293,-0.0726201433241394,-0.0626008577021192,5.55205940151351e-151
"2214","slope","Suburban",-0.0431039266458697,-0.047847039576525,-0.0383608137152144,2.66180824625354e-70
"2215","slope","Urban",-0.0292499631046352,-0.0351671502045425,-0.0233327760047278,3.85085090145814e-22
"2216","slope","Natural",-0.0680742703965457,-0.0730933128737449,-0.0630552279193465,1.95324933956207e-152
"2217","slope","Suburban",-0.0412558348145862,-0.046008449973452,-0.0365032196557205,2.32545755045808e-64
"2218","slope","Urban",-0.0277854354355784,-0.0336798264102751,-0.0218910444608817,2.77432540506115e-20
"2219","slope","Natural",-0.0677855789131188,-0.0727841377742645,-0.062787020051973,2.17648342963312e-152
"2220","slope","Suburban",-0.0412457151326579,-0.0459793305754473,-0.0365120996898684,7.91989398971643e-65
"2221","slope","Urban",-0.0274527161485501,-0.0333578878449484,-0.0215475444521519,8.98901876323443e-20
"2222","slope","Natural",-0.0677475706081453,-0.0727561424407792,-0.0627389987755115,1.23088350523848e-151
"2223","slope","Suburban",-0.0420287487159114,-0.0467716073294719,-0.037285890102351,5.74446821011453e-67
"2224","slope","Urban",-0.0284127112047372,-0.0343285081874704,-0.022496914222004,5.40274388465746e-21
"2225","slope","Natural",-0.0693854781464816,-0.0744016062935089,-0.0643693499994543,2.46821002163959e-158
"2226","slope","Suburban",-0.0430209261620434,-0.0477736252567294,-0.0382682270673574,9.08079039711383e-70
"2227","slope","Urban",-0.0284988243683363,-0.0343954448177885,-0.0226022039188841,3.07844935310582e-21
"2228","slope","Natural",-0.0676267237143551,-0.0726280873291737,-0.0626253600995364,1.55269553009851e-151
"2229","slope","Suburban",-0.0426478618578892,-0.0473830781068928,-0.0379126456088857,4.27167782233449e-69
"2230","slope","Urban",-0.0291010057865102,-0.0350342972277538,-0.0231677143452666,8.0083065037014e-22
"2231","slope","Natural",-0.0676346107967228,-0.0726657428771953,-0.0626034787162503,7.66918364442228e-150
"2232","slope","Suburban",-0.042849301174392,-0.047613072961588,-0.038085529387196,6.36203395024327e-69
"2233","slope","Urban",-0.0273038462921723,-0.0332114677973283,-0.0213962247870163,1.46191965294415e-19
"2234","slope","Natural",-0.0676956807276478,-0.0727051929152032,-0.0626861685400925,2.33981154655095e-151
"2235","slope","Suburban",-0.0414865691183163,-0.046230171536365,-0.0367429667002676,2.71163079668247e-65
"2236","slope","Urban",-0.0275884079161844,-0.0334717629913982,-0.0217050528409707,4.34218981181625e-20
"2237","slope","Natural",-0.0683180971004221,-0.0733075697787958,-0.0633286244220485,2.97038848428501e-155
"2238","slope","Suburban",-0.0422287433861397,-0.0469539337161122,-0.0375035530561671,4.52884718803032e-68
"2239","slope","Urban",-0.0304004975953066,-0.0363292650251297,-0.0244717301654835,1.07160237213e-23
"2240","slope","Natural",-0.0681037630898441,-0.0731302057863983,-0.0630773203932899,3.9493011108068e-152
"2241","slope","Suburban",-0.0441994340374601,-0.0489590651325023,-0.0394398029424179,2.70069260533094e-73
"2242","slope","Urban",-0.0314628560841235,-0.0373384307317773,-0.0255872814364697,1.08999140804544e-25
"2243","slope","Natural",-0.0682155236186432,-0.0731978650538142,-0.0632331821834723,3.12231014720217e-155
"2244","slope","Suburban",-0.0425250778114418,-0.0472421025645386,-0.0378080530583451,3.17578346439941e-69
"2245","slope","Urban",-0.028840668888535,-0.0347524967393095,-0.0229288410377606,1.31422973883245e-21
"2246","slope","Natural",-0.0678447048247274,-0.0728576525579974,-0.0628317570914574,8.43477308440242e-152
"2247","slope","Suburban",-0.0425335195021273,-0.0472792444456632,-0.0377877945585914,1.9069884936779e-68
"2248","slope","Urban",-0.0286367786874917,-0.0345358968821075,-0.0227376604928759,2.06523017121529e-21
"2249","slope","Natural",-0.0672470605078987,-0.07224981115592,-0.0622443098598775,8.14004012159349e-150
"2250","slope","Suburban",-0.0427257398172835,-0.0474640863997994,-0.0379873932347677,2.98867931563434e-69
"2251","slope","Urban",-0.0295355178216889,-0.0354520935380744,-0.0236189421053035,1.51178375191973e-22
"2252","slope","Natural",-0.0683073358423533,-0.0733235062245209,-0.0632911654601857,1.29185619245154e-153
"2253","slope","Suburban",-0.0414094586542777,-0.0461604088464369,-0.0366585084621185,7.25126266108145e-65
"2254","slope","Urban",-0.0294794828457932,-0.0353877230378643,-0.0235712426537221,1.58455217144303e-22
"2255","slope","Natural",-0.068139836990804,-0.0731503597895128,-0.0631293141920952,3.19817345108852e-153
"2256","slope","Suburban",-0.0433956333693535,-0.0481396828694581,-0.0386515838692488,3.40372554169259e-71
"2257","slope","Urban",-0.0293133802595109,-0.0351903746262449,-0.0234363858927768,1.6383814665783e-22
"2258","slope","Natural",-0.068078565110509,-0.0730624111019797,-0.0630947191190383,1.53367202229541e-154
"2259","slope","Suburban",-0.0420932633880031,-0.0468143464185503,-0.0373721803574559,9.17768564405689e-68
"2260","slope","Urban",-0.0258716012414254,-0.0317884495268249,-0.0199547529560259,1.12143550331289e-17
"2261","slope","Natural",-0.0674109700020047,-0.0724290158574765,-0.0623929241465328,1.22817057754035e-149
"2262","slope","Suburban",-0.0417938534997654,-0.0465437333404988,-0.037043973659032,4.64483481196552e-66
"2263","slope","Urban",-0.0273946688592382,-0.0332656657927595,-0.0215236719257169,6.59747546561237e-20
"2264","slope","Natural",-0.0689669859611641,-0.0739464757352104,-0.0639874961871179,1.00050748276176e-158
"2265","slope","Suburban",-0.0435590634864674,-0.0482748215229413,-0.0388433054499935,1.5199125936992e-72
"2266","slope","Urban",-0.0283704389159055,-0.0342880742911895,-0.0224528035406214,6.3407168797277e-21
"2267","slope","Natural",-0.0687026912883296,-0.0737203218409638,-0.0636850607356954,2.99906150200967e-155
"2268","slope","Suburban",-0.0431765491890325,-0.0479276292011183,-0.0384254691769467,2.6578246850373e-70
"2269","slope","Urban",-0.0305815907110872,-0.036501094121184,-0.0246620873009903,4.98082603191789e-24
"2270","slope","Natural",-0.0680504671806415,-0.0730701336654512,-0.0630308006958318,2.69319560193475e-152
"2271","slope","Suburban",-0.0422577396830694,-0.0470124764149873,-0.0375030029511514,2.39766304776324e-67
"2272","slope","Urban",-0.0306524156961374,-0.0365473102292452,-0.0247575211630297,2.54673353697062e-24
"2273","slope","Natural",-0.0689817097697144,-0.0739808339710665,-0.0639825855683622,1.36940374162076e-157
"2274","slope","Suburban",-0.0439118464906703,-0.0486468986087484,-0.0391767943725922,4.18967724517498e-73
"2275","slope","Urban",-0.0283203976458422,-0.0342437712580605,-0.0223970240336239,8.07813383952171e-21
"2276","slope","Natural",-0.0677273010104305,-0.0727488203320283,-0.0627057816888327,8.5415827199796e-151
"2277","slope","Suburban",-0.042497190807698,-0.0472541283886116,-0.0377402532267844,5.04756970906822e-68
"2278","slope","Urban",-0.0270937914973482,-0.0329994853708856,-0.0211880976238108,2.68175240888175e-19
"2279","slope","Natural",-0.0686168640303652,-0.0736252043481837,-0.0636085237125468,1.97619993736967e-155
"2280","slope","Suburban",-0.0420033036765003,-0.0467456849708014,-0.0372609223821992,6.67325364161318e-67
"2281","slope","Urban",-0.0272587955009849,-0.0331691040592011,-0.0213484869427686,1.73917557067535e-19
"2282","slope","Natural",-0.0671559203631127,-0.0721666683236654,-0.06214517240256,5.79447445727671e-149
"2283","slope","Suburban",-0.0425836730166831,-0.0473291897800081,-0.0378381562533582,1.31503045221728e-68
"2284","slope","Urban",-0.0280469923590721,-0.033949411382173,-0.0221445733359712,1.38693779953816e-20
"2285","slope","Natural",-0.0674474664254619,-0.0724534445305965,-0.0624414883203272,1.71613956105139e-150
"2286","slope","Suburban",-0.0434407170927707,-0.0481811115132689,-0.0387003226722724,1.91939167061511e-71
"2287","slope","Urban",-0.0312299639385011,-0.0371340602833144,-0.0253258675936879,4.15659743874894e-25
"2288","slope","Natural",-0.0682285807187027,-0.0732354626002347,-0.0632216988371706,8.00665665171257e-154
"2289","slope","Suburban",-0.043477271505863,-0.0482183193323769,-0.038736223679349,1.53514441982305e-71
"2290","slope","Urban",-0.0275094829141113,-0.033414219018224,-0.0216047468099987,7.51427074471104e-20
"2291","slope","Natural",-0.0681341437994823,-0.0731404378833235,-0.0631278497156412,1.90371361241225e-153
"2292","slope","Suburban",-0.0422672962095241,-0.0470080231348115,-0.0375265692842367,9.2506092559054e-68
"2293","slope","Urban",-0.0276525638484034,-0.0335414772289723,-0.0217636504678345,3.86138743471071e-20
"2294","slope","Natural",-0.0698648621198797,-0.0748594969431512,-0.0648702272966082,8.66723365070333e-162
"2295","slope","Suburban",-0.0421173321440242,-0.0468465726400854,-0.037388091647963,1.29827171750602e-67
"2296","slope","Urban",-0.0278358894473379,-0.0337324399597337,-0.0219393389349421,2.44945456226377e-20
"2297","slope","Natural",-0.0688321970195342,-0.073833288502919,-0.0638311055361493,8.21429444220589e-157
"2298","slope","Suburban",-0.0427373768946408,-0.0474733110067217,-0.0380014427825598,2.34971646186455e-69
"2299","slope","Urban",-0.02819745852503,-0.0341153085181763,-0.0222796085318837,1.09134314971954e-20
"2300","slope","Natural",-0.0691259257523044,-0.0741448432190527,-0.0641070082855562,5.04235806107206e-157
"2301","slope","Suburban",-0.0423483961719192,-0.0470973363006282,-0.0375994560432102,8.74832534788942e-68
"2302","slope","Urban",-0.0286480413374258,-0.0345324011080929,-0.0227636815667587,1.5852373165341e-21
"2303","slope","Natural",-0.0672818885086742,-0.0722734152853311,-0.0622903617320173,1.28355411757393e-150
"2304","slope","Suburban",-0.0424369768358259,-0.0471622564887797,-0.0377116971828721,1.02330836903708e-68
"2305","slope","Urban",-0.0300671031542264,-0.0359649071829185,-0.0241692991255343,1.9209439566428e-23
"2306","slope","Natural",-0.0685773408324728,-0.0735795453943193,-0.0635751362706262,1.2615534256317e-155
"2307","slope","Suburban",-0.0435342079189028,-0.0482692605024028,-0.0387991553354028,6.7629640209807e-72
"2308","slope","Urban",-0.0296228625943815,-0.0355347726800217,-0.0237109525087413,1.0535720011404e-22
"2309","slope","Natural",-0.0681501437652601,-0.0731645313691419,-0.0631357561613782,4.87764944527204e-153
"2310","slope","Suburban",-0.0416436313222666,-0.0463919092729643,-0.0368953533715689,1.20491699945542e-65
"2311","slope","Urban",-0.0285889528257817,-0.0344935763418672,-0.0226843293096961,2.61596054734596e-21
"2312","slope","Natural",-0.0683599919060324,-0.0733683500270531,-0.0633516337850118,2.62199013669933e-154
"2313","slope","Suburban",-0.0426848944486455,-0.0474271306154298,-0.0379426582818612,5.15534912892045e-69
"2314","slope","Urban",-0.0310798816628685,-0.0369755371050808,-0.0251842262206561,5.98004794892648e-25
"2315","slope","Natural",-0.067871477169413,-0.0728721969523726,-0.0628707573864534,1.23658088259112e-152
"2316","slope","Suburban",-0.0411927229478595,-0.0459269944366488,-0.0364584514590702,1.19210251453187e-64
"2317","slope","Urban",-0.0317085757919726,-0.0376091407947718,-0.0258080107891733,7.36774555057012e-26
"2318","slope","Natural",-0.0680516489498799,-0.0730563347067843,-0.0630469631929755,3.49299633095656e-153
"2319","slope","Suburban",-0.0430928790793197,-0.0478314269731721,-0.0383543311854674,2.13466263898321e-70
"2320","slope","Urban",-0.0281381110442336,-0.0340506405573232,-0.0222255815311439,1.21313355782071e-20
"2321","slope","Natural",-0.0682140994310371,-0.0732280746546522,-0.0632001242074221,2.43414517948821e-153
"2322","slope","Suburban",-0.042119636601101,-0.0468674441813139,-0.0373718290208881,4.11992213596238e-67
"2323","slope","Urban",-0.0321910138378677,-0.0380798577973037,-0.0263021698784317,1.06732142148745e-26
"2324","slope","Natural",-0.0684143911624381,-0.0734077964832467,-0.0634209858416295,1.93476418736508e-155
"2325","slope","Suburban",-0.0429210638268033,-0.0476504149032673,-0.0381917127503394,4.04948121183442e-70
"2326","slope","Urban",-0.0303048787881133,-0.0362113512679682,-0.0243984063082584,1.00657856286731e-23
"2327","slope","Natural",-0.0684050635996721,-0.0734126023607,-0.0633975248386442,1.49094382076123e-154
"2328","slope","Suburban",-0.0420898660435605,-0.0468351145367066,-0.0373446175504144,4.33147850799518e-67
"2329","slope","Urban",-0.0304855442798199,-0.0363790582773291,-0.0245920302823107,4.37708869692082e-24
"2330","slope","Natural",-0.0680151288307657,-0.07301390151253,-0.0630163561490013,2.25076186227037e-153
"2331","slope","Suburban",-0.0432765999273033,-0.048010419365578,-0.0385427804890285,4.09908044551728e-71
"2332","slope","Urban",-0.0256253739302025,-0.0315407585722457,-0.0197099892881593,2.22227617963909e-17
"2333","slope","Natural",-0.0683216677924313,-0.0733387589412809,-0.0633045766435816,1.26948176954284e-153
"2334","slope","Suburban",-0.042453303519005,-0.0472032803142757,-0.0377033267237342,4.43176627881236e-68
"2335","slope","Urban",-0.0296275811819351,-0.03553684396932,-0.0237183183945503,9.93370893686515e-23
"2336","slope","Natural",-0.0685146563095851,-0.0735256784533767,-0.0635036341657934,7.99780588095162e-155
"2337","slope","Suburban",-0.041307270120169,-0.046051476368773,-0.0365630638715651,9.80662950054503e-65
"2338","slope","Urban",-0.0280328122655206,-0.0339217134845057,-0.0221439110465354,1.18634350631959e-20
"2339","slope","Natural",-0.0676252950859711,-0.0726181276149663,-0.0626324625569758,4.9746208387518e-152
"2340","slope","Suburban",-0.0416945832017304,-0.0464232065355596,-0.0369659598679011,2.50187210864892e-66
"2341","slope","Urban",-0.028421491984168,-0.0343024650402427,-0.0225405189280933,3.09520032494761e-21
"2342","slope","Natural",-0.068300873145127,-0.0732888406228515,-0.0633129056674026,2.8704440734424e-155
"2343","slope","Suburban",-0.0430189814354407,-0.0477412260702219,-0.0382967368006595,1.24198007116169e-70
"2344","slope","Urban",-0.0302389737574912,-0.0361358953414036,-0.0243420521735788,1.06527394334496e-23
"2345","slope","Natural",-0.06739073259969,-0.0723914103801637,-0.0623900548192163,1.48322853867658e-150
"2346","slope","Suburban",-0.0401803896292106,-0.0449170627863004,-0.0354437164721209,1.44552842499402e-61
"2347","slope","Urban",-0.0294219697878288,-0.0353254378795644,-0.0235185016960932,1.76854385857386e-22
"2348","slope","Natural",-0.0675032509081249,-0.0725105200021215,-0.0624959818141283,1.17241798269599e-150
"2349","slope","Suburban",-0.0407967646936949,-0.0455382832005479,-0.0360552461868418,2.84523743624743e-63
"2350","slope","Urban",-0.0317536833412297,-0.0376812276448898,-0.0258261390375697,1.04347628459028e-25
"2351","slope","Natural",-0.0679305331485936,-0.0729569729346981,-0.0629040933624891,2.20347202879571e-151
"2352","slope","Suburban",-0.0435598313383862,-0.048321187645177,-0.0387984750315953,3.26167043122193e-71
"2353","slope","Urban",-0.0252723608036917,-0.0311573952177501,-0.0193873263896334,4.17052043614116e-17
"2354","slope","Natural",-0.0669477385464424,-0.0719385177037212,-0.0619569593891635,3.21469001399308e-149
"2355","slope","Suburban",-0.0428095766530767,-0.0475356844290573,-0.0380834688770961,7.34178391634686e-70
"2356","slope","Urban",-0.0275047446694473,-0.0334059200309952,-0.0216035693078995,7.24725793981624e-20
"2357","slope","Natural",-0.0671613468605212,-0.0721678238030514,-0.062154869917991,3.11972740505417e-149
"2358","slope","Suburban",-0.0436955973552022,-0.0484374539490687,-0.0389537407613357,3.27663393285088e-72
"2359","slope","Urban",-0.028349083484049,-0.0342558030627233,-0.0224423639053747,5.75347650265582e-21
"2360","slope","Natural",-0.0686240442521753,-0.0736329486210485,-0.0636151398833021,1.98806885232791e-155
"2361","slope","Suburban",-0.043408001226722,-0.0481489536877137,-0.0386670487657304,2.52982116606685e-71
"2362","slope","Urban",-0.0305763704209881,-0.0364819571425853,-0.024670783699391,3.97707082064297e-24
"2363","slope","Natural",-0.0683907978321352,-0.0733992463596905,-0.0633823493045799,1.94936918088695e-154
"2364","slope","Suburban",-0.0427387288050789,-0.0474815974402602,-0.0379958601698975,3.64914768566408e-69
"2365","slope","Urban",-0.0294074572138236,-0.0353087133719644,-0.0235062010556828,1.78874787987796e-22
"2366","slope","Natural",-0.0674714924894652,-0.0724762019221413,-0.062466783056789,1.14033774269397e-150
"2367","slope","Suburban",-0.0431568255095199,-0.0478989232286034,-0.0384147277904363,1.69678820329244e-70
"2368","slope","Urban",-0.0270393615236954,-0.0329300316080273,-0.0211486914393634,2.56712865791856e-19
"2369","slope","Natural",-0.0676912380799678,-0.0726856404260828,-0.0626968357338527,3.18375820623829e-152
"2370","slope","Suburban",-0.0428185145452506,-0.0475493817566413,-0.03808764733386,9.40100420841816e-70
"2371","slope","Urban",-0.0284430248066494,-0.0343548259106639,-0.0225312237026349,4.62463308523604e-21
"2372","slope","Natural",-0.0686861116935208,-0.0736973707978012,-0.0636748525892403,1.47194432891495e-155
"2373","slope","Suburban",-0.041402283257353,-0.0461496914841915,-0.0366548750305144,6.14970391953635e-65
"2374","slope","Urban",-0.0267158334792629,-0.0326211257225195,-0.0208105412360063,8.2432618977583e-19
"2375","slope","Natural",-0.0679580048386823,-0.0729658761526985,-0.0629501335246661,1.37377548410797e-152
"2376","slope","Suburban",-0.0418485458304007,-0.0465902815331524,-0.037106810127649,1.91011068075646e-66
"2377","slope","Urban",-0.0293571895932151,-0.0352551131671891,-0.0234592660192411,1.99611499456418e-22
"2378","slope","Natural",-0.0684321676901404,-0.0734334055365804,-0.0634309298437004,4.77120660131739e-155
"2379","slope","Suburban",-0.0425082982896576,-0.0472444328119152,-0.0377721637674001,1.234524532317e-68
"2380","slope","Urban",-0.029622825977516,-0.0355156312183758,-0.0237300207366562,7.69351053643477e-23
"2381","slope","Natural",-0.0678976732020526,-0.0728939251139824,-0.0629014212901229,5.18181804537461e-153
"2382","slope","Suburban",-0.0412057335500651,-0.0459386546631064,-0.0364728124370238,1.0033130941309e-64
"2383","slope","Urban",-0.0321719074445226,-0.0381062782827127,-0.0262375366063325,2.7485253153018e-26
"2384","slope","Natural",-0.0681663110952157,-0.073198755403379,-0.0631338667870525,4.75765574060843e-152
"2385","slope","Suburban",-0.0430714721570448,-0.0478364299129191,-0.0383065144011706,1.40081291872743e-69
"2386","slope","Urban",-0.0284007621168947,-0.0342800789958553,-0.0225214452379341,3.22278809229847e-21
"2387","slope","Natural",-0.0686383506509277,-0.0736236546351972,-0.0636530466666581,6.47599401435829e-157
"2388","slope","Suburban",-0.0435738955562943,-0.0482943395100811,-0.0388534516025076,1.87544153798764e-72
"2389","slope","Urban",-0.0279455397715004,-0.0338541576203492,-0.0220369219226516,2.08135270307167e-20
"2390","slope","Natural",-0.0678972079000053,-0.0729083920311591,-0.0628860237688515,3.94204265386149e-152
"2391","slope","Suburban",-0.0432499288586101,-0.0479956610888155,-0.0385041966284048,1.09792564015644e-70
"2392","slope","Urban",-0.0302903536813381,-0.0362105599214509,-0.0243701474412253,1.3365800759775e-23
"2393","slope","Natural",-0.0681483395859988,-0.0731691065048291,-0.0631275726671684,1.17858780862647e-152
"2394","slope","Suburban",-0.0423626701720992,-0.0471168793047233,-0.037608461039475,1.10317838375674e-67
"2395","slope","Urban",-0.0304816647612061,-0.0364232564165651,-0.0245400731058472,1.01803671240535e-23
"2396","slope","Natural",-0.0675084526010266,-0.0725476313437571,-0.062469273858296,7.66086442483985e-149
"2397","slope","Suburban",-0.042489833880892,-0.0472624746605639,-0.03771719310122,1.43319553226101e-67
"2398","slope","Urban",-0.0268013357345127,-0.0327018147310687,-0.0209008567379566,5.99179705560016e-19
"2399","slope","Natural",-0.0684544431634849,-0.0734588218154164,-0.0634500645115534,5.87392984950315e-155
"2400","slope","Suburban",-0.0429662282039587,-0.04770478104156,-0.0382276753663574,5.34392348952252e-70
"2401","slope","Urban",-0.0299776958470215,-0.0358959199652866,-0.0240594717287565,3.64566438689586e-23
"2402","slope","Natural",-0.0686256222393864,-0.0736441160533321,-0.0636071284254407,7.31790586427392e-155
"2403","slope","Suburban",-0.042817659105347,-0.047568397091415,-0.0380669211192791,3.44489702907024e-69
"2404","slope","Urban",-0.0302891340105829,-0.0361975314055578,-0.024380736615608,1.09667557274227e-23
"2405","slope","Natural",-0.0674328089110754,-0.0724449960858918,-0.062420621736259,4.54263876318092e-150
"2406","slope","Suburban",-0.0438647096595632,-0.0486080719084446,-0.0391213474106819,1.04677517725656e-72
"2407","slope","Urban",-0.0277806346311127,-0.0336867917746,-0.0218744774876254,3.34058988859284e-20
"2408","slope","Natural",-0.0675750557751154,-0.072582632079859,-0.0625674794703718,5.98755407573212e-151
"2409","slope","Suburban",-0.0414333489802245,-0.0461759229594698,-0.0366907750009792,3.69221796985913e-65
"2410","slope","Urban",-0.0282043781578294,-0.0341054863577223,-0.0223032699579364,8.3237079753765e-21
"2411","slope","Natural",-0.0671701278737482,-0.0721743597508101,-0.0621658959966863,2.12334750320252e-149
"2412","slope","Suburban",-0.041303129446031,-0.0460423590505739,-0.0365638998414882,7.46560612108673e-65
"2413","slope","Urban",-0.028780987926653,-0.0346995509899701,-0.0228624248633359,1.76352029725155e-21
"2414","slope","Natural",-0.0680337673693083,-0.0730513688342955,-0.0630161659043211,2.40558557303322e-152
"2415","slope","Suburban",-0.0429635046341827,-0.0477152829353501,-0.0382117263330152,1.29273100443157e-69
"2416","slope","Urban",-0.0298685346989711,-0.0357637928274758,-0.0239732765704664,3.56007106339224e-23
"2417","slope","Natural",-0.068569136617267,-0.0735671665326213,-0.0635711067019126,7.68410492637931e-156
"2418","slope","Suburban",-0.0429709304585476,-0.0477055428567883,-0.0382363180603068,3.98745112274628e-70
"2419","slope","Urban",-0.0279963815869913,-0.0338980333274263,-0.0220947298465564,1.60497059495227e-20
"2420","slope","Natural",-0.069186790011451,-0.0741921110477519,-0.0641814689751502,4.06753893765041e-158
"2421","slope","Suburban",-0.0427883775870149,-0.0475282903808945,-0.0380484647931354,2.10773552872591e-69
"2422","slope","Urban",-0.0290866252865855,-0.034988165060348,-0.0231850855128231,5.08288875463474e-22
"2423","slope","Natural",-0.0680359369931532,-0.0730411202549807,-0.0630307537313257,4.37414802245617e-153
"2424","slope","Suburban",-0.0423330262552216,-0.0470727970071199,-0.0375932555033234,5.45153002546615e-68
"2425","slope","Urban",-0.0292496517635716,-0.0351793066439513,-0.0233199968831919,4.69915202147152e-22
"2426","slope","Natural",-0.0669897694068183,-0.0720184267867207,-0.0619611120269159,3.1078247889213e-147
"2427","slope","Suburban",-0.0419305513091845,-0.0466919402773787,-0.0371691623409904,3.62499427742065e-66
"2428","slope","Urban",-0.0259931418015908,-0.0319016160687009,-0.0200846675344808,7.11554505020026e-18
"2429","slope","Natural",-0.0673541906723936,-0.0723649390909816,-0.0623434422538055,8.16678957780446e-150
"2430","slope","Suburban",-0.0427837572315688,-0.0475294337493333,-0.0380380807138044,3.16690521081117e-69
"2431","slope","Urban",-0.0287033809387473,-0.034613820515642,-0.0227929413618526,1.99032030451442e-21
"2432","slope","Natural",-0.0668957699731018,-0.0719075695836218,-0.0618839703625818,8.62211623659304e-148
"2433","slope","Suburban",-0.0400949786703795,-0.0448409602512412,-0.0353489970895178,4.39242362587459e-61
"2434","slope","Urban",-0.0313468528999816,-0.0372779097467501,-0.0254157960532132,4.54039721106471e-25
"2435","slope","Natural",-0.0684386809240006,-0.0734695114766719,-0.0634078503713293,2.55282226676957e-153
"2436","slope","Suburban",-0.0427631147423413,-0.0475256562300717,-0.0380005732546109,1.08737758944779e-68
"2437","slope","Urban",-0.0294970331494669,-0.0354194957535423,-0.0235745705453915,1.88473218406553e-22
"2438","slope","Natural",-0.0677992688846633,-0.0728215632146876,-0.062776974554639,4.64613009453506e-151
"2439","slope","Suburban",-0.0419915032465783,-0.0467465572510479,-0.0372364492421086,1.5977470722669e-66
"2440","slope","Urban",-0.0292641583941061,-0.0351642339350108,-0.0233640828532013,2.79641557745474e-22
"2441","slope","Natural",-0.0689601160701015,-0.0739624519578742,-0.0639577801823287,2.67273585768701e-157
"2442","slope","Suburban",-0.0432137181385248,-0.0479497218984972,-0.0384777143785525,7.49614731893945e-71
"2443","slope","Urban",-0.0306413039074229,-0.0365530795849804,-0.0247295282298654,3.55898390867713e-24
"2444","slope","Natural",-0.0679436305651158,-0.0729584250455093,-0.0629288360847224,4.04301790177006e-152
"2445","slope","Suburban",-0.0428360190214418,-0.0475841556921089,-0.0380878823507747,2.55186089437214e-69
"2446","slope","Urban",-0.0288036663477462,-0.0347361607297925,-0.0228711719656998,2.03370029720483e-21
"2447","slope","Natural",-0.0690457388396465,-0.0740771150474048,-0.0640143626318883,6.34217650203712e-156
"2448","slope","Suburban",-0.0427837234870067,-0.0475483920732254,-0.0380190549007881,1.07564731345796e-68
"2449","slope","Urban",-0.029894126240623,-0.0357800098057409,-0.0240082426755051,2.79231441403972e-23
"2450","slope","Natural",-0.0677590086424866,-0.0727491583416653,-0.062768858943308,9.06337349405918e-153
"2451","slope","Suburban",-0.040376505837575,-0.0451032373296252,-0.0356497743455248,2.13149372245336e-62
"2452","slope","Urban",-0.0295718858276943,-0.0354772177082339,-0.0236665539471546,1.11755274759096e-22
"2453","slope","Natural",-0.0670449816964314,-0.0720538313686877,-0.0620361320241751,1.34627533952652e-148
"2454","slope","Suburban",-0.0432607916147024,-0.0480055153258467,-0.038516067903558,9.49169096745002e-71
"2455","slope","Urban",-0.0282086884751842,-0.0341237094306438,-0.0222936675197245,1.01051639486175e-20
"2456","slope","Natural",-0.067931941150008,-0.072946537288019,-0.062917345011997,4.42216598397665e-152
"2457","slope","Suburban",-0.0433930278342162,-0.048142839564459,-0.0386432161039734,5.08968285900023e-71
"2458","slope","Urban",-0.029500862372131,-0.0354015905090941,-0.0236001342351678,1.30745488933426e-22
"2459","slope","Natural",-0.0671930069598619,-0.0721976489063799,-0.062188365013344,1.78797476209916e-149
"2460","slope","Suburban",-0.0407586264541158,-0.0454981983703544,-0.0360190545378773,3.29600960048004e-63
"2461","slope","Urban",-0.0310578780095407,-0.0369839514912234,-0.025131804527858,1.11504893858319e-24
"2462","slope","Natural",-0.068879280871971,-0.0739048595788972,-0.0638537021650449,1.5184912235566e-155
"2463","slope","Suburban",-0.0424929889289055,-0.0472529307190913,-0.0377330471387196,6.29138869968495e-68
"2464","slope","Urban",-0.0294822512502883,-0.0353847859823119,-0.0235797165182647,1.43100606507667e-22
"2465","slope","Natural",-0.0682182317747182,-0.073223429722263,-0.0632130338271735,7.05951813493902e-154
"2466","slope","Suburban",-0.0416303751937135,-0.0463692436475416,-0.0368915067398853,7.41448960808176e-66
"2467","slope","Urban",-0.0295121993728248,-0.035402528347312,-0.0236218703983375,1.06234377054743e-22
"2468","slope","Natural",-0.0691254882704522,-0.0741217494562767,-0.0641292270846276,2.12133930521482e-158
"2469","slope","Suburban",-0.042829031883783,-0.0475603410073419,-0.0380977227602241,8.96734551155169e-70
"2470","slope","Urban",-0.0284128587508793,-0.0343091889736831,-0.0225165285280755,4.0219140405217e-21
"2471","slope","Natural",-0.0667534575583321,-0.071754110732414,-0.0617528043842501,8.09002655277709e-148
"2472","slope","Suburban",-0.041333434956246,-0.0460684559998459,-0.0365984139126461,4.67885130244476e-65
"2473","slope","Urban",-0.0277850254969735,-0.0337043117225594,-0.0218657392713877,3.98360447281341e-20
"2474","slope","Natural",-0.0685803840943191,-0.0736002971601975,-0.0635604710284406,1.39995907990407e-154
"2475","slope","Suburban",-0.0416594845258849,-0.0464135180914095,-0.0369054509603602,1.53447505275071e-65
"2476","slope","Urban",-0.0289414887110063,-0.0348522192727237,-0.0230307581492889,9.36400792570262e-22
"2477","slope","Natural",-0.066755192503622,-0.0717666669015803,-0.0617437181056637,3.28567533768974e-147
"2478","slope","Suburban",-0.0428024270008809,-0.0475481025856136,-0.0380567514161483,2.76924512251933e-69
"2479","slope","Urban",-0.0302047637308493,-0.0361009284042617,-0.024308599057437,1.17923796138448e-23
"2480","slope","Natural",-0.0690360722668232,-0.074036810903373,-0.0640353336302734,9.8907391388386e-158
"2481","slope","Suburban",-0.0421605887351396,-0.0468944955131542,-0.0374266819571249,1.28277152382617e-67
"2482","slope","Urban",-0.0304947479003837,-0.0364333025927026,-0.0245561932080648,9.25310812912641e-24
"2483","slope","Natural",-0.0682623143184809,-0.073299276724137,-0.0632253519128249,3.36931781071499e-152
"2484","slope","Suburban",-0.0433183257299185,-0.048087497937914,-0.038549153521923,3.12809517133203e-70
"2485","slope","Urban",-0.0274338111807995,-0.0333295988763282,-0.0215380234852708,8.33598375782533e-20
"2486","slope","Natural",-0.0686189993396012,-0.0736209307476525,-0.0636170679315499,7.97362383017824e-156
"2487","slope","Suburban",-0.0423159859599749,-0.0470507629906862,-0.0375812089292636,4.47807699295835e-68
"2488","slope","Urban",-0.0291487360433402,-0.0350560302299226,-0.0232414418567577,4.55915985166052e-22
"2489","slope","Natural",-0.0674349600139062,-0.0724453516950091,-0.0624245683328032,3.50220237503213e-150
"2490","slope","Suburban",-0.0425548734897222,-0.0472987475866476,-0.0378109993927967,1.45413418591125e-68
"2491","slope","Urban",-0.0305333699974875,-0.0364323133161952,-0.0246344266787798,4.09450407552138e-24
"2492","slope","Natural",-0.0680806821288399,-0.0730830099669524,-0.0630783542907274,1.89473349053629e-153
"2493","slope","Suburban",-0.0425084184544012,-0.0472457314182501,-0.0377711054905523,1.33055177980966e-68
"2494","slope","Urban",-0.0292840053322067,-0.0351990731639095,-0.0233689375005039,3.33541560284948e-22
"2495","slope","Natural",-0.0682858770554219,-0.0733017977133738,-0.06326995639747,1.54825704670448e-153
"2496","slope","Suburban",-0.0415230361969479,-0.0462725335935678,-0.036773538800328,3.01259523746118e-65
"2497","slope","Urban",-0.0305319024545645,-0.0364408821631889,-0.0246229227459401,4.90284306453393e-24
"2498","slope","Natural",-0.0678544361969266,-0.0728663110491574,-0.0628425613446958,6.62554968868025e-152
"2499","slope","Suburban",-0.0425863972200992,-0.0473317643133515,-0.0378410301268469,1.27721821788343e-68
"2500","slope","Urban",-0.0309525283361545,-0.036883727658498,-0.025021329013811,1.74724265022116e-24
"2501","slope","Natural",-0.0682168045245088,-0.0732446096258391,-0.0631889994231784,1.542701465243e-152
"2502","slope","Suburban",-0.0443151636448555,-0.0490764097625279,-0.0395539175271831,1.28518541782719e-73
"2503","slope","Urban",-0.0302480105314669,-0.0361743460819374,-0.0243216749809963,1.70769821990437e-23
"2504","slope","Natural",-0.0676802951348068,-0.072705394842127,-0.0626551954274866,2.19202339211796e-150
"2505","slope","Suburban",-0.0450179409148904,-0.0497768611786088,-0.0402590206511721,5.85938899212826e-76
"2506","slope","Urban",-0.0304526394205479,-0.0363693062074951,-0.0245359726336007,7.31216096847421e-24
"2507","slope","Natural",-0.0696103074392348,-0.0746279258480018,-0.0645926890304678,3.10087087771749e-159
"2508","slope","Suburban",-0.0428449710317582,-0.0475960764076298,-0.0380938656558866,2.89999792501937e-69
"2509","slope","Urban",-0.0292506142513616,-0.0351683701743831,-0.0233328583283401,3.877736613118e-22
"2510","slope","Natural",-0.0679398477301412,-0.0729592029775536,-0.0629204924827288,7.75727721582376e-152
"2511","slope","Suburban",-0.0405016594434736,-0.0452528289694022,-0.035750489917545,3.76508219238144e-62
"2512","slope","Urban",-0.028376666754498,-0.0342766876867178,-0.0224766458222782,4.76784747881837e-21
"2513","slope","Natural",-0.0676912096257923,-0.0726949768567887,-0.0626874423947959,1.12947923614132e-151
"2514","slope","Suburban",-0.0425070771628589,-0.0472464788667142,-0.0377676754590036,1.53626364537051e-68
"2515","slope","Urban",-0.0295197400306555,-0.0354161762047831,-0.0236233038565279,1.14573356089809e-22
"2516","slope","Natural",-0.0675957375442391,-0.0725941237453394,-0.0625973513431389,1.41617645624851e-151
"2517","slope","Suburban",-0.0421443165080749,-0.0468782769729595,-0.0374103560431904,1.44514077806604e-67
"2518","slope","Urban",-0.0334998683506384,-0.039400305669565,-0.0275994310317119,1.15932447371645e-28
"2519","slope","Natural",-0.0684096836227218,-0.073413546104985,-0.0634058211404586,8.58837683025422e-155
"2520","slope","Suburban",-0.0415504615835696,-0.0462906734030231,-0.0368102497641161,1.4099080424303e-65
"2521","slope","Urban",-0.0294243093909919,-0.0353306213399275,-0.0235179974420563,1.83800138111721e-22
"2522","slope","Natural",-0.0688350569137964,-0.0738432335003509,-0.0638268803272418,2.1395547727896e-156
"2523","slope","Suburban",-0.0427677290217819,-0.0475127427204756,-0.0380227153230883,3.40433376659693e-69
"2524","slope","Urban",-0.0320704037648678,-0.0379600961056229,-0.0261807114241128,1.66787502715416e-26
"2525","slope","Natural",-0.0673218614230669,-0.0723162391249412,-0.0623274837211925,1.26397420464998e-150
"2526","slope","Suburban",-0.0408884637652798,-0.0456161587643375,-0.0361607687662221,6.63444729745488e-64
"2527","slope","Urban",-0.032833840910975,-0.0387276113872784,-0.0269400704346716,1.16131655333687e-27
"2528","slope","Natural",-0.0684504585635248,-0.0734492583405381,-0.0634516587865116,2.83293063683113e-155
"2529","slope","Suburban",-0.0425418649923771,-0.0472764047829192,-0.037807325201835,8.75619951245101e-69
"2530","slope","Urban",-0.0305984720947323,-0.0365185987001847,-0.0246783454892799,4.75704142685586e-24
"2531","slope","Natural",-0.0688440958444094,-0.0738632700478811,-0.0638249216409377,8.94715745527358e-156
"2532","slope","Suburban",-0.0434062074655805,-0.048161053817505,-0.0386513611136561,6.45766955721489e-71
"2533","slope","Urban",-0.0291410588119467,-0.0350738013268009,-0.0232083162970925,6.98634532732381e-22
"2534","slope","Natural",-0.0682070101215197,-0.0732376050481554,-0.063176415194884,2.47789710591194e-152
"2535","slope","Suburban",-0.0411790083257829,-0.0459442799679691,-0.0364137366835968,8.40678612511026e-64
"2536","slope","Urban",-0.0284173079853113,-0.0343186981860596,-0.0225159177845631,4.28283769466304e-21
"2537","slope","Natural",-0.0675539859043936,-0.0725579529922449,-0.0625500188165423,4.54879836175341e-151
"2538","slope","Suburban",-0.04199281628759,-0.0467321022558262,-0.0372535303193538,5.9207855737093e-67
"2539","slope","Urban",-0.0288115598785357,-0.0347237698849141,-0.0228993498721572,1.45047428694157e-21
"2540","slope","Natural",-0.0687638501953442,-0.073777969989955,-0.0637497304007334,9.99179343530447e-156
"2541","slope","Suburban",-0.0415074332837053,-0.0462573736787896,-0.0367574928886209,3.45036830888822e-65
"2542","slope","Urban",-0.0282459696326284,-0.0341550354023226,-0.0223369038629341,8.23159600589704e-21
"2543","slope","Natural",-0.0684418933212246,-0.0734539402434512,-0.0634298463989979,1.91052822825817e-154
"2544","slope","Suburban",-0.0423935768616574,-0.0471406296341058,-0.037646524089209,5.62845900216711e-68
"2545","slope","Urban",-0.0281767516004271,-0.0340611232520005,-0.0222923799488537,7.06119048460505e-21
"2546","slope","Natural",-0.0679111953360643,-0.0729009001669661,-0.0629214905051626,1.8504066748048e-153
"2547","slope","Suburban",-0.0425355827423567,-0.0472625286767171,-0.0378086368079963,5.60774185909653e-69
"2548","slope","Urban",-0.0287049886773095,-0.0346159836947208,-0.0227939936598983,1.99721332107567e-21
"2549","slope","Natural",-0.0682838012624358,-0.0732974245603429,-0.0632701779645288,1.15546387469445e-153
"2550","slope","Suburban",-0.0431803271499447,-0.0479263061245287,-0.0384343481753607,1.84852863114313e-70
"2551","slope","Urban",-0.027514598165646,-0.0334340200356775,-0.0215951762956146,9.1090025943948e-20
"2552","slope","Natural",-0.0675727342121326,-0.0725935144805955,-0.0625519539436697,3.57375834184354e-150
"2553","slope","Suburban",-0.0437340114674241,-0.0484877650107227,-0.0389802579241255,5.51689122859814e-72
"2554","slope","Urban",-0.0324343229533686,-0.0383589176553681,-0.0265097282513692,9.00379577469476e-27
"2555","slope","Natural",-0.0689313693575262,-0.0739559518573655,-0.0639067868576869,7.84769666684708e-156
"2556","slope","Suburban",-0.0428038267990526,-0.0475612807962571,-0.0380463728018481,5.86601522742823e-69
"2557","slope","Urban",-0.0296660688458134,-0.0355866306398302,-0.0237455070517966,1.05407986098667e-22
"2558","slope","Natural",-0.0677702827055042,-0.0727902854445314,-0.062750279966477,4.55718877567186e-151
"2559","slope","Suburban",-0.0412596438292041,-0.0460136389914748,-0.0365056486669334,2.46060762155369e-64
"2560","slope","Urban",-0.0270007287359631,-0.0328985398686119,-0.0211029176033143,3.18210346441153e-19
"2561","slope","Natural",-0.0688490172311004,-0.0738502865878287,-0.0638477478743722,7.10481033149773e-157
"2562","slope","Suburban",-0.0409759077106341,-0.0457115982004138,-0.0362402172208545,5.84618103313766e-64
"2563","slope","Urban",-0.0293744718811974,-0.0352834555903182,-0.0234654881720765,2.25668476360634e-22
"2564","slope","Natural",-0.0676537344526183,-0.0726643707431146,-0.0626430981621219,4.13037223856724e-151
"2565","slope","Suburban",-0.0434959047060259,-0.0482427121229357,-0.0387490972891161,1.97017761020803e-71
"2566","slope","Urban",-0.0293371580153667,-0.0352325361792572,-0.0234417798514763,2.04456286602285e-22
"2567","slope","Natural",-0.0669894370750361,-0.0719893973063713,-0.061989476843701,7.19548316652936e-149
"2568","slope","Suburban",-0.0431678582532391,-0.0479014912734648,-0.0384342252330133,8.94335477100797e-71
"2569","slope","Urban",-0.0317598566421977,-0.0376909680229094,-0.025828745261486,1.09146005395792e-25
"2570","slope","Natural",-0.0681537627977755,-0.0731867402805821,-0.0631207853149689,5.78831371266532e-152
"2571","slope","Suburban",-0.0425007007213686,-0.0472642437147371,-0.037737157728,7.48091422777045e-68
"2572","slope","Urban",-0.0287320820289446,-0.034637444863807,-0.0228267191940822,1.6798362312808e-21
"2573","slope","Natural",-0.0683804820891811,-0.073387722691283,-0.0633732414870792,1.83121090527154e-154
"2574","slope","Suburban",-0.0415859547467307,-0.0463296389378984,-0.036842270555563,1.36080340877885e-65
"2575","slope","Urban",-0.0305905450215748,-0.0364911477530077,-0.0246899422901419,3.47384805829936e-24
"2576","slope","Natural",-0.0687095348230788,-0.0737119223611233,-0.0637071472850343,3.40495675219906e-156
"2577","slope","Suburban",-0.0433158902684889,-0.0480538802761703,-0.0385779002608076,4.06447234808025e-71
"2578","slope","Urban",-0.0294348973334464,-0.0353410146649628,-0.02352878000193,1.7701180326018e-22
"2579","slope","Natural",-0.0674116699659119,-0.0724201400598042,-0.0624031998720197,3.41253453401311e-150
"2580","slope","Suburban",-0.0425237686771952,-0.0472670764166319,-0.0377804609377586,1.75134755904391e-68
"2581","slope","Urban",-0.0293292519613351,-0.0352459898505491,-0.0234125140721211,2.95974046089243e-22
"2582","slope","Natural",-0.0682882979210735,-0.0733057496314024,-0.0632708462107445,1.86041475145066e-153
"2583","slope","Suburban",-0.0419096532918489,-0.0466580380042936,-0.0371612685794042,1.87763370819271e-66
"2584","slope","Urban",-0.0279115718777949,-0.0338361912464765,-0.0219869525091133,2.91741692751838e-20
"2585","slope","Natural",-0.0679635291572947,-0.0729879037243513,-0.0629391545902381,1.20369210184141e-151
"2586","slope","Suburban",-0.0433409600115282,-0.0480988844395223,-0.0385830355835341,1.26965703418159e-70
"2587","slope","Urban",-0.0312754187480415,-0.0372169239016263,-0.0253339135944568,7.0012755580024e-25
"2588","slope","Natural",-0.0680795557264456,-0.0731188842567783,-0.0630402271961129,2.82575804378811e-151
"2589","slope","Suburban",-0.042032429788185,-0.0468049484000972,-0.0372599111762727,3.5287063099269e-66
"2590","slope","Urban",-0.0286927431664364,-0.0346127113867174,-0.0227727749461553,2.38314119745083e-21
"2591","slope","Natural",-0.0675435087630959,-0.0725622836446272,-0.0625247338815646,3.6520394695333e-150
"2592","slope","Suburban",-0.042871512848891,-0.0476261657916951,-0.0381168599060869,3.01556214592823e-69
"2593","slope","Urban",-0.0268569535642741,-0.0327534688006028,-0.0209604383279454,4.80956439754405e-19
"2594","slope","Natural",-0.0688062318180742,-0.0738066291585713,-0.0638058344775772,9.69989569169399e-157
"2595","slope","Suburban",-0.043379187120571,-0.0481156265259952,-0.0386427477151468,2.30871776532615e-71
"2596","slope","Urban",-0.02762074922324,-0.0335319897858577,-0.0217095086606222,5.86909741705566e-20
"2597","slope","Natural",-0.068430263892999,-0.0734437344535963,-0.0634167933324017,2.60910253498018e-154
"2598","slope","Suburban",-0.0428319179171171,-0.047578669470226,-0.0380851663640081,2.40224576101188e-69
"2599","slope","Urban",-0.0270202003259027,-0.0329517276339987,-0.0210886730178067,4.75591301500937e-19
"2600","slope","Natural",-0.068040560800051,-0.0730700228305772,-0.0630110987695249,1.1100432678657e-151
"2601","slope","Suburban",-0.0429959094223213,-0.0477585276480433,-0.0382332911965993,2.06954887957807e-69
"2602","slope","Urban",-0.027822815852565,-0.0337157764287926,-0.0219298552763375,2.4202664122705e-20
"2603","slope","Natural",-0.0693559853458927,-0.074353491075548,-0.0643584796162374,2.41067271014651e-159
"2604","slope","Suburban",-0.0420010766098914,-0.0467332485446022,-0.0372689046751805,3.57143708557339e-67
"2605","slope","Urban",-0.0303193179262074,-0.036222812421947,-0.0244158234304679,9.11129382182524e-24
"2606","slope","Natural",-0.0691476864969427,-0.074153487073306,-0.0641418859205793,6.47211440907083e-158
"2607","slope","Suburban",-0.0426395070177591,-0.04737920785011,-0.0378998061854083,6.06196419335796e-69
"2608","slope","Urban",-0.0294337294061178,-0.0353460984678341,-0.0235213603444015,1.96625416789707e-22
"2609","slope","Natural",-0.0683555671057077,-0.0733690055229147,-0.0633421286885007,5.49196483029961e-154
"2610","slope","Suburban",-0.0423927528999178,-0.0471398961036166,-0.037645609696219,5.694181262572e-68
"2611","slope","Urban",-0.0314206530838222,-0.0373294792763962,-0.0255118268912482,2.34446319041649e-25
"2612","slope","Natural",-0.0683762611833413,-0.0733905164970297,-0.0633620058696528,4.99295413643979e-154
"2613","slope","Suburban",-0.0426451560443024,-0.0473915104685854,-0.0378988016200194,8.93865737992027e-69
"2614","slope","Urban",-0.0285052792344473,-0.0343890215846833,-0.0226215368842114,2.47495787501131e-21
"2615","slope","Natural",-0.0681769706832949,-0.073167481277502,-0.0631864600890879,1.42387623917231e-154
"2616","slope","Suburban",-0.0442723783341935,-0.0489962360729571,-0.03954852059543,1.31745595151997e-74
"2617","slope","Urban",-0.0294897388775608,-0.0353647401070391,-0.0236147376480826,8.88302479861963e-23
"2618","slope","Natural",-0.0675464783646596,-0.0725270800716826,-0.0625658766576366,2.08307167249201e-152
"2619","slope","Suburban",-0.044128943803735,-0.0488482393417086,-0.0394096482657614,2.79983452201943e-74
"2620","slope","Urban",-0.0270131706161529,-0.0329468120873507,-0.0210795291449552,4.99714001743797e-19
"2621","slope","Natural",-0.067048785856101,-0.072082058597534,-0.062015513114668,3.18364947399062e-147
"2622","slope","Suburban",-0.0418591257732146,-0.046626949502194,-0.0370913020442352,8.86368795448949e-66
"2623","slope","Urban",-0.0298148146945359,-0.0357356419243954,-0.0238939874646764,6.50643823603406e-23
"2624","slope","Natural",-0.0680636666760182,-0.0730837678635755,-0.0630435654884609,2.50315961849846e-152
"2625","slope","Suburban",-0.0415460456572233,-0.0462996535251345,-0.0367924377893121,3.29601275160427e-65
"2626","slope","Urban",-0.0294919336260219,-0.0353894938056698,-0.023594373446374,1.27823581542748e-22
"2627","slope","Natural",-0.0674283028904023,-0.0724313808715556,-0.062425224909249,1.40822344779559e-150
"2628","slope","Suburban",-0.0414380384916031,-0.0461741742716577,-0.0367019027115485,2.41177962288878e-65
"2629","slope","Urban",-0.0300667050518716,-0.0359828364872619,-0.0241505736164813,2.6224338648205e-23
"2630","slope","Natural",-0.0681705179903355,-0.0731863842724968,-0.0631546517081741,4.86414833319932e-153
"2631","slope","Suburban",-0.0427549990593113,-0.0475053371522491,-0.0380046609663736,5.26059396898145e-69
"2632","slope","Urban",-0.027197307412072,-0.033103909378903,-0.0212907054452409,1.98852645733611e-19
"2633","slope","Natural",-0.0676051224858241,-0.0726140596128766,-0.0625961853587716,5.33041255644358e-151
"2634","slope","Suburban",-0.041907882207657,-0.0466507725058531,-0.0371649919094609,1.3510570595397e-66
"2635","slope","Urban",-0.0291718976465699,-0.035084891954017,-0.0232589033391229,4.63264859975102e-22
"2636","slope","Natural",-0.0683810352055141,-0.0733946874544466,-0.0633673829565815,4.38327623757679e-154
"2637","slope","Suburban",-0.0416670629390142,-0.0464158603211105,-0.036918265556918,1.05601667594605e-65
"2638","slope","Urban",-0.0281076445482312,-0.0340069511875907,-0.0222083379088717,1.09632159140574e-20
"2639","slope","Natural",-0.0683543120169664,-0.0733586182511437,-0.063350005782789,1.59312743553424e-154
"2640","slope","Suburban",-0.0418484109455579,-0.0465875303910358,-0.0371092915000799,1.6247350894483e-66
"2641","slope","Urban",-0.0307754495639929,-0.0366834476492678,-0.0248674514787179,2.11375014000034e-24
"2642","slope","Natural",-0.0677678429909585,-0.0727783627948641,-0.0627573231870529,1.30701750670759e-151
"2643","slope","Suburban",-0.041062821563399,-0.0458075896557317,-0.0363180534710663,5.51736457599802e-64
"2644","slope","Urban",-0.0283865830331059,-0.0342867464750959,-0.0224864195911159,4.63123187590371e-21
"2645","slope","Natural",-0.0678506204939207,-0.072853899105309,-0.0628473418825324,2.15503589330794e-152
"2646","slope","Suburban",-0.0419473529247373,-0.0466857678317785,-0.0372089380176961,7.73232479588763e-67
"2647","slope","Urban",-0.0278939632927587,-0.0337950890576266,-0.0219928375278909,2.1880428513163e-20
"2648","slope","Natural",-0.0686059892200246,-0.0736098004835912,-0.0636021779564579,1.17947899981114e-155
"2649","slope","Suburban",-0.0429475497888663,-0.0476840018616503,-0.0382110977160824,5.32963507184046e-70
"2650","slope","Urban",-0.0295594615705297,-0.035463223895065,-0.0236556992459945,1.13437915789414e-22
"2651","slope","Natural",-0.0676150308244285,-0.0726197423191415,-0.0626103193297154,2.73884863082038e-151
"2652","slope","Suburban",-0.0429869690184276,-0.0477268272362829,-0.0382471108005723,5.0111285558635e-70
"2653","slope","Urban",-0.0290658723211401,-0.0349794378212766,-0.0231523068210037,6.57310243902107e-22
"2654","slope","Natural",-0.067433481561159,-0.0724485920552843,-0.0624183710670337,6.66116180548005e-150
"2655","slope","Suburban",-0.0437826075566333,-0.0485319698577762,-0.0390332452554903,2.87487579480256e-72
"2656","slope","Urban",-0.0277010478053085,-0.0336154796538987,-0.0217866159567182,4.80539133229383e-20
"2657","slope","Natural",-0.0682628992275957,-0.0732782855495099,-0.0632475129056816,1.81149188253627e-153
"2658","slope","Suburban",-0.0431000583635616,-0.0478498389935673,-0.038350277733556,4.24142895511738e-70
"2659","slope","Urban",-0.0278682040723572,-0.0337908079275451,-0.0219456002171693,3.23748619805772e-20
"2660","slope","Natural",-0.0671908547525902,-0.0722136015370565,-0.0621681079681239,1.9984523216226e-148
"2661","slope","Suburban",-0.042685343694847,-0.0474392644866127,-0.0379314229030813,1.09021877115382e-68
"2662","slope","Urban",-0.0279966450718232,-0.0338993061077878,-0.0220939840358586,1.62768220401941e-20
"2663","slope","Natural",-0.0684849725602272,-0.0734928974208366,-0.0634770476996179,7.03816349270919e-155
"2664","slope","Suburban",-0.0422722818731751,-0.0470127039090166,-0.0375318598373336,8.75719580090559e-68
"2665","slope","Urban",-0.0279338443443926,-0.0338350077856236,-0.0220326809031617,1.93480896786905e-20
"2666","slope","Natural",-0.0683655601390729,-0.073368812538661,-0.0633623077394848,1.23099593991749e-154
"2667","slope","Suburban",-0.0423317532804835,-0.0470695529897054,-0.0375939535712616,4.85260992833263e-68
"2668","slope","Urban",-0.0305983816273776,-0.0364970098349785,-0.0246997534197766,3.26748342475097e-24
"2669","slope","Natural",-0.0682886007228674,-0.0732893271577185,-0.0632878742880163,1.88582357649345e-154
"2670","slope","Suburban",-0.0436490876646596,-0.048381904746853,-0.0389162705824663,2.49944694899754e-72
"2671","slope","Urban",-0.028807186562225,-0.0347083834040991,-0.0229059897203509,1.23931768112749e-21
"2672","slope","Natural",-0.0685282735721424,-0.073532542350125,-0.0635240047941598,2.75063086715919e-155
"2673","slope","Suburban",-0.042407729924648,-0.0471463632073983,-0.0376690966418978,2.97525348344344e-68
"2674","slope","Urban",-0.0321134559435446,-0.0380075724166644,-0.0262193394704247,1.55912470125784e-26
"2675","slope","Natural",-0.0679053587664764,-0.0729041135088105,-0.0629066040241424,6.74213900466293e-153
"2676","slope","Suburban",-0.0408604945189594,-0.0455943072213552,-0.0361266818165635,1.16048465607576e-63
"2677","slope","Urban",-0.0318959693208196,-0.0378443322233335,-0.0259476064183057,9.37858621378465e-26
"2678","slope","Natural",-0.0688632220504249,-0.0739071401617354,-0.0638193039391144,2.19426079103069e-154
"2679","slope","Suburban",-0.0433154683450523,-0.0480918104766972,-0.0385391262134074,5.0970721484696e-70
"2680","slope","Urban",-0.0305091375848717,-0.0364202865134865,-0.024597988656257,5.49704025190238e-24
"2681","slope","Natural",-0.0682104804257063,-0.0732195877736939,-0.0632013730777187,1.30061978312076e-153
"2682","slope","Suburban",-0.0420957262767337,-0.0468418096725514,-0.037349642880916,4.37869016139648e-67
"2683","slope","Urban",-0.0301642545708815,-0.0360620791932821,-0.0242664299484809,1.38938803278743e-23
"2684","slope","Natural",-0.0680456958969071,-0.0730459623274254,-0.0630454294663889,2.0310966047653e-153
"2685","slope","Suburban",-0.0424728070112841,-0.0472093304638627,-0.0377362835587056,1.63214474230279e-68
"2686","slope","Urban",-0.0303802825706489,-0.03629506225648,-0.0244655028848178,9.02007693934967e-24
"2687","slope","Natural",-0.0677674177764931,-0.0727833432033568,-0.0627514923496295,2.7137057494329e-151
"2688","slope","Suburban",-0.044375896976732,-0.0491239805758226,-0.0396278133776414,3.30259580723767e-74
"2689","slope","Urban",-0.0298129304872268,-0.0357321797604994,-0.0238936812139543,6.37833937965582e-23
"2690","slope","Natural",-0.0676099674342118,-0.0726302571038797,-0.0625896777645439,2.31662603642735e-150
"2691","slope","Suburban",-0.0436856625597204,-0.0484373358000446,-0.0389339893193961,6.8303310186364e-72
"2692","slope","Urban",-0.0306503257094396,-0.0365570012737819,-0.0247436501450973,3.15663127231184e-24
"2693","slope","Natural",-0.0685158033613965,-0.0735235703496932,-0.0635080363730999,5.05298092621484e-155
"2694","slope","Suburban",-0.0405690430693729,-0.045313231859048,-0.0358248542796978,1.5847823818552e-62
"2695","slope","Urban",-0.0300927949914994,-0.0360018006040984,-0.0241837893789004,2.13241878231234e-23
"2696","slope","Natural",-0.0678444517790433,-0.0728554228092307,-0.0628334807488558,6.47859944442037e-152
"2697","slope","Suburban",-0.0417703577131826,-0.0465186742801188,-0.0370220411462464,4.97320102828794e-66
"2698","slope","Urban",-0.0277946541277173,-0.0336948397586258,-0.0218944684968088,2.9337583377394e-20
"2699","slope","Natural",-0.0687270354395319,-0.0737323966045946,-0.0637216742744692,4.31027549504973e-156
"2700","slope","Suburban",-0.0422735545642017,-0.0470121591169606,-0.0375349500114428,7.73310836093914e-68
"2701","slope","Urban",-0.0293259760273662,-0.0352400808649251,-0.0234118711898073,2.867619738824e-22
"2702","slope","Natural",-0.0678016193287431,-0.0728165729292378,-0.0627866657282484,1.69644207934883e-151
"2703","slope","Suburban",-0.0430600498991029,-0.0478088810609459,-0.03831121873726,5.32039662236868e-70
"2704","slope","Urban",-0.0331153680415464,-0.0390180094506364,-0.0272127266324564,4.98746287457264e-28
"2705","slope","Natural",-0.0691285200849387,-0.0741336517903664,-0.064123388379511,7.1619920810586e-158
"2706","slope","Suburban",-0.0414536404056046,-0.0461939894906076,-0.0367132913206016,2.79796041496355e-65
"2707","slope","Urban",-0.0283715092266321,-0.0342932781080573,-0.0224497403452069,6.72344496791898e-21
"2708","slope","Natural",-0.0687865623452091,-0.0738093852069945,-0.0637637394834237,2.6368018024411e-155
"2709","slope","Suburban",-0.042061328663334,-0.0468155713432777,-0.0373070859833904,9.294767458073e-67
"2710","slope","Urban",-0.0285031255130127,-0.0343974058049007,-0.0226088452211248,2.92993329648256e-21
"2711","slope","Natural",-0.067761826605395,-0.0727618079656188,-0.0627618452451711,3.3477020827031e-152
"2712","slope","Suburban",-0.0426342895533828,-0.0473686142852777,-0.0378999648214879,4.44581646462839e-69
"2713","slope","Urban",-0.0274600134480504,-0.0333651027839252,-0.0215549241121756,8.78118239002293e-20
"2714","slope","Natural",-0.068108161013068,-0.0731156086523846,-0.0631007133737513,2.88945209979461e-153
"2715","slope","Suburban",-0.040910670598644,-0.0456533042370996,-0.0361680369601884,1.38787023126768e-63
"2716","slope","Urban",-0.0289573703462069,-0.0348489332535752,-0.0230658074388386,6.58065618683103e-22
"2717","slope","Natural",-0.067932371592588,-0.0729302158678746,-0.0629345273173015,4.54628064914925e-153
"2718","slope","Suburban",-0.0430364800057559,-0.0477691528314535,-0.0383038071800584,2.18141751809991e-70
"2719","slope","Urban",-0.0307747458556597,-0.0366799464419365,-0.0248695452693828,2.01641970315323e-24
"2720","slope","Natural",-0.0678188177443353,-0.0728263808771799,-0.0628112546114907,5.28340703053244e-152
"2721","slope","Suburban",-0.0429894650872629,-0.0477315040887923,-0.0382474260857336,5.67781538551314e-70
"2722","slope","Urban",-0.0271669570731117,-0.033065146350819,-0.0212687677954043,1.93878787073404e-19
"2723","slope","Natural",-0.0686658108682093,-0.0736671517458602,-0.0636644699905585,4.5808052869513e-156
"2724","slope","Suburban",-0.0431158892123172,-0.0478524404171793,-0.0383793380074551,1.58334888719932e-70
"2725","slope","Urban",-0.0304493974376405,-0.0363443576349083,-0.0245544372403728,5.07240156254529e-24
"2726","slope","Natural",-0.0693023096050576,-0.0742992762927383,-0.0643053429173768,3.86173742528989e-159
"2727","slope","Suburban",-0.0428190733800233,-0.0475539569952394,-0.0380841897648073,1.21734161470181e-69
"2728","slope","Urban",-0.0282870060266597,-0.0341853508536428,-0.0223886611996767,6.16298294859313e-21
"2729","slope","Natural",-0.0684340695549823,-0.0734357419879053,-0.0634323971220593,4.9672826614427e-155
"2730","slope","Suburban",-0.0432281721692259,-0.0479623139761288,-0.038494030362323,5.96139808384937e-71
"2731","slope","Urban",-0.0294350510776012,-0.0353272833581969,-0.0235428187970055,1.41120929963232e-22
"2732","slope","Natural",-0.0679709412371185,-0.0729674640012151,-0.062974418473022,2.57911668962723e-153
"2733","slope","Suburban",-0.0430924133034236,-0.0478232297594918,-0.0383615968473554,1.28478121795058e-70
"2734","slope","Urban",-0.032045581119231,-0.037963651296531,-0.0261275109419311,3.14180154530762e-26
"2735","slope","Natural",-0.0678797570166888,-0.0728991962544536,-0.062860317778924,1.42529478612714e-151
"2736","slope","Suburban",-0.0439733264797047,-0.0487266643912143,-0.0392199885681951,9.28163353423566e-73
"2737","slope","Urban",-0.0256980823855492,-0.0316139546198418,-0.0197822101512566,1.81823739773166e-17
"2738","slope","Natural",-0.068441956387898,-0.0734573840051144,-0.0634265287706817,3.03440374720775e-154
"2739","slope","Suburban",-0.042451359070607,-0.0472019333893841,-0.03770078475183,4.66753503190808e-68
"2740","slope","Urban",-0.0290817090761901,-0.034983908470631,-0.0231795096817493,5.21845444472419e-22
"2741","slope","Natural",-0.0675425501589066,-0.0725473522609488,-0.0625377480568644,5.6985681981582e-151
"2742","slope","Suburban",-0.0430501377279797,-0.0477899630186561,-0.0383103124373032,3.16525058642474e-70
"2743","slope","Urban",-0.0305485602498505,-0.0364555793802362,-0.0246415411194648,4.47933299456974e-24
"2744","slope","Natural",-0.0684994251191312,-0.0735090923021314,-0.063489757936131,7.73727074484601e-155
"2745","slope","Suburban",-0.043970241174289,-0.048715914568753,-0.039224567779825,5.63230854474734e-73
"2746","slope","Urban",-0.0297377577808845,-0.0356516853427944,-0.0238238302189747,7.4757927078635e-23
"2747","slope","Natural",-0.0686791898120481,-0.0736938171456742,-0.0636645624784219,2.51093975315677e-155
"2748","slope","Suburban",-0.0417474825877315,-0.0464959457642235,-0.0369990194112394,5.89115715300872e-66
"2749","slope","Urban",-0.0294566475111748,-0.0353739787081785,-0.0235393163141711,1.97769793575245e-22
"2750","slope","Natural",-0.0683278645825579,-0.0733453483302411,-0.0633103808348747,1.25873245926147e-153
"2751","slope","Suburban",-0.0422959956786059,-0.0470494010949575,-0.0375425902622543,1.68202998465477e-67
"2752","slope","Urban",-0.028239877506997,-0.0341277470476845,-0.0223520079663094,6.10303651575138e-21
"2753","slope","Natural",-0.0674864711582965,-0.0724780488109475,-0.0624948935056455,1.68139907538521e-151
"2754","slope","Suburban",-0.0424312096016287,-0.0471568706656393,-0.0377055485376181,1.09328313154466e-68
"2755","slope","Urban",-0.030002657311506,-0.0359032737453412,-0.0241020408776709,2.49659900993782e-23
"2756","slope","Natural",-0.0679689769849984,-0.0729713841936643,-0.0629665697763326,5.86064601055304e-153
"2757","slope","Suburban",-0.0418454681673844,-0.0465829749696589,-0.0371079613651099,1.50014695109261e-66
"2758","slope","Urban",-0.0329011170399234,-0.0388144003228354,-0.0269878337570114,1.34923950489776e-27
"2759","slope","Natural",-0.0681941185247947,-0.0732067284621885,-0.0631815085874009,2.46862112117458e-153
"2760","slope","Suburban",-0.042387228883634,-0.0471338110746952,-0.0376406466925729,5.7150500443202e-68
"2761","slope","Urban",-0.027657889391998,-0.0335561714241853,-0.0217596073598108,4.34903262102072e-20
"2762","slope","Natural",-0.0681499572250848,-0.0731522707513939,-0.0631476436987757,9.43605325207784e-154
"2763","slope","Suburban",-0.0435511002142835,-0.048287210730571,-0.0388149896979961,6.41611729347977e-72
"2764","slope","Urban",-0.0320852111915265,-0.0379721875707799,-0.0261982348122731,1.50107014763629e-26
"2765","slope","Natural",-0.067828591249553,-0.0728195859467602,-0.0628375965523459,5.0604568589531e-153
"2766","slope","Suburban",-0.0431102618657401,-0.0478376244418118,-0.0383828992896683,8.9703688173087e-71
"2767","slope","Urban",-0.032117765621219,-0.0379997399967457,-0.0262357912456923,1.21254276156767e-26
"2768","slope","Natural",-0.0689534727768808,-0.073939769001274,-0.0639671765524876,3.00719321829525e-158
"2769","slope","Suburban",-0.0427457165656654,-0.0474695816688086,-0.0380218514625221,1.00649065462288e-69
"2770","slope","Urban",-0.0287680781428786,-0.0346625249966207,-0.0228736312891365,1.26395966613868e-21
"2771","slope","Natural",-0.0676456596499531,-0.072644374853483,-0.0626469444464231,8.99317773459445e-152
"2772","slope","Suburban",-0.0420285208061709,-0.0467594302796724,-0.0372976113326695,2.71401756027275e-67
"2773","slope","Urban",-0.0299301129748613,-0.0358385984570142,-0.0240216274927084,3.62467396740497e-23
"2774","slope","Natural",-0.0691361992583843,-0.0741482886350876,-0.064124109881681,1.75358431423528e-157
"2775","slope","Suburban",-0.0421363725672527,-0.0468813795653337,-0.0373913655691716,3.06966027408594e-67
"2776","slope","Urban",-0.0284586342550545,-0.0343888341376602,-0.0225284343724488,5.81027461302894e-21
"2777","slope","Natural",-0.0686541394162142,-0.0736832917626003,-0.0636249870698281,2.36598986623175e-154
"2778","slope","Suburban",-0.0426563573102944,-0.0474178490937314,-0.0378948655268575,2.17511083507603e-68
"2779","slope","Urban",-0.0314419375104046,-0.0373382172952774,-0.0255456577255317,1.7263692302928e-25
"2780","slope","Natural",-0.0679592752766222,-0.0729585103050486,-0.0629600402481958,4.19419241112347e-153
"2781","slope","Suburban",-0.0431087506562553,-0.0478433749968286,-0.038374126315682,1.46794735695473e-70
"2782","slope","Urban",-0.0276005483592239,-0.0335112168544635,-0.0216898798639842,6.19202080267029e-20
"2783","slope","Natural",-0.0689746246074532,-0.0739870840502324,-0.063962165164674,9.46593161322278e-157
"2784","slope","Suburban",-0.0435768688065156,-0.0483234859294939,-0.0388302516835373,1.07709204504963e-71
"2785","slope","Urban",-0.0287834504870373,-0.0347221153128846,-0.02284478566119,2.38247190818053e-21
"2786","slope","Natural",-0.0672444337567058,-0.0722791303805117,-0.0622097371329,5.65813019369662e-148
"2787","slope","Suburban",-0.0430174144108528,-0.0477872932395793,-0.0382475355821264,2.83550423088399e-69
"2788","slope","Urban",-0.0288899857038349,-0.0347696925575655,-0.0230102788501042,6.77698369620097e-22
"2789","slope","Natural",-0.0668572963931216,-0.0718406696204678,-0.0618739231657753,2.94268211572141e-149
"2790","slope","Suburban",-0.0431300221057315,-0.0478508684864417,-0.0384091757250213,5.02996489224231e-71
"2791","slope","Urban",-0.0279153837392398,-0.0338428336849285,-0.0219879337935512,3.00402381124885e-20
"2792","slope","Natural",-0.0693733262131694,-0.0744010101238934,-0.0643456423024455,1.40402223261327e-157
"2793","slope","Suburban",-0.043468598091314,-0.0482297135246514,-0.0387074826579766,6.22064105130513e-71
"2794","slope","Urban",-0.032332019146751,-0.0382420942313748,-0.0264219440621272,9.76608527202316e-27
"2795","slope","Natural",-0.069547195372792,-0.0745600658078513,-0.0645343249377328,3.0150477930462e-159
"2796","slope","Suburban",-0.0422119997825088,-0.0469593793835573,-0.0374646201814603,2.08596715165821e-67
"2797","slope","Urban",-0.0293211735367935,-0.0352344224282629,-0.0234079246453242,2.87280411731171e-22
"2798","slope","Natural",-0.0691751430290999,-0.0741906047690061,-0.0641596812891936,1.89420427815733e-157
"2799","slope","Suburban",-0.0428221289432286,-0.0475705509050603,-0.0380737069813969,2.87214826397982e-69
"2800","slope","Urban",-0.027008153734052,-0.0329139388263892,-0.0211023686417148,3.47196490088766e-19
"2801","slope","Natural",-0.0677038118334449,-0.0727123418649317,-0.0626952818019581,1.89193657890227e-151
"2802","slope","Suburban",-0.0438356200257739,-0.0485756081335487,-0.039095631917999,1.03070836480924e-72
"2803","slope","Urban",-0.0315250360784826,-0.0374611725236907,-0.0255888996332746,2.69888531007776e-25
"2804","slope","Natural",-0.0681862003561176,-0.0732209884845718,-0.0631514122276634,5.35127723299167e-152
"2805","slope","Suburban",-0.0439023545286946,-0.0486702591286266,-0.0391344499287625,4.1766444558377e-72
"2806","slope","Urban",-0.0315401584701804,-0.037431930342235,-0.0256483865981258,1.12655702614161e-25
"2807","slope","Natural",-0.0685393212804306,-0.0735355556387309,-0.0635430869221303,8.10119178025012e-156
"2808","slope","Suburban",-0.0434048070348739,-0.0481352443996741,-0.0386743696700738,1.27988207828929e-71
"2809","slope","Urban",-0.0325879882915985,-0.0384966729358744,-0.0266793036473226,3.80503697924204e-27
"2810","slope","Natural",-0.0686365156137524,-0.073646749301458,-0.0636262819260467,2.10636405058562e-155
"2811","slope","Suburban",-0.0433903370403828,-0.0481355464723206,-0.038645127608445,3.82210938486909e-71
"2812","slope","Urban",-0.0304175892283679,-0.0363364953589249,-0.0244986830978109,8.54666605127097e-24
"2813","slope","Natural",-0.0673741504543114,-0.0723939066075134,-0.0623543943011095,2.21556170512412e-149
"2814","slope","Suburban",-0.042116848854123,-0.046870497487433,-0.0373632002208129,6.05664169930469e-67
"2815","slope","Urban",-0.0290092355305467,-0.0349477793450336,-0.0230706917160598,1.16404175824465e-21
"2816","slope","Natural",-0.0684131135923028,-0.0734501174955219,-0.0633761096890838,7.58385666693925e-153
"2817","slope","Suburban",-0.0430321047194377,-0.0478010864047779,-0.0382631230340974,2.40921445327816e-69
"2818","slope","Urban",-0.0305897122016251,-0.0364931965198241,-0.0246862278834261,3.66425968938943e-24
"2819","slope","Natural",-0.0686425268713821,-0.073647680928784,-0.0636373728139801,9.82852339204043e-156
"2820","slope","Suburban",-0.0417626695707856,-0.0465015572914628,-0.0370237818501084,2.92985412390188e-66
"2821","slope","Urban",-0.0314089784209045,-0.0373141823227579,-0.0255037745190511,2.2835551820399e-25
"2822","slope","Natural",-0.0681227047993034,-0.0731317573757601,-0.0631136522228466,3.10791364178589e-153
"2823","slope","Suburban",-0.042112762570651,-0.0468550788557108,-0.0373704462855912,3.06349181442893e-67
"2824","slope","Urban",-0.0284719647209979,-0.0343961480719628,-0.022547781370033,5.09092441212875e-21
"2825","slope","Natural",-0.068033005495382,-0.0730567636454519,-0.0630092473453121,5.56056720148473e-152
"2826","slope","Suburban",-0.0423152910695995,-0.0470720869353664,-0.0375584952038326,1.81653885369775e-67
"2827","slope","Urban",-0.028724440741126,-0.0346262487212514,-0.0228226327610006,1.62899678192279e-21
"2828","slope","Natural",-0.0683930479531443,-0.073397921769344,-0.0633881741369446,1.16672908628625e-154
"2829","slope","Suburban",-0.0436535699570778,-0.0483927399056306,-0.038914400008525,3.71964132617203e-72
"2830","slope","Urban",-0.0320709013436999,-0.0379757705555247,-0.0261660321318751,2.23149966862484e-26
"2831","slope","Natural",-0.0679069420700241,-0.072914452621416,-0.0628994315186322,2.17814582794539e-152
"2832","slope","Suburban",-0.0425309709096242,-0.0472732865577266,-0.0377886552615217,1.56108443555381e-68
"2833","slope","Urban",-0.0285104639306832,-0.0343822410622191,-0.0226386867991473,2.02338877248869e-21
"2834","slope","Natural",-0.0677709621171912,-0.0727489003228955,-0.062793023911487,1.51474895206913e-153
"2835","slope","Suburban",-0.0422614069766489,-0.046976170768584,-0.0375466431847137,1.83484645956199e-68
"2836","slope","Urban",-0.026379931117799,-0.0323038116235681,-0.0204560506120298,2.8262774310928e-18
"2837","slope","Natural",-0.0679351721732473,-0.0729576799004786,-0.062912664446016,1.24192868604993e-151
"2838","slope","Suburban",-0.0435591727301125,-0.0483140687381943,-0.0388042767220308,2.13209209722095e-71
"2839","slope","Urban",-0.0267645333368384,-0.032661299144666,-0.0208677675290109,6.35857544107372e-19
"2840","slope","Natural",-0.0671535780960274,-0.0721540255421563,-0.0621531306498985,1.51192330938869e-149
"2841","slope","Suburban",-0.0428378195755466,-0.0475739204809114,-0.0381017186701818,1.15120766885766e-69
"2842","slope","Urban",-0.0316782779973347,-0.0375763815556693,-0.0257801744390002,7.82230054086429e-26
"2843","slope","Natural",-0.0683015653974571,-0.0733020371556768,-0.0633010936392373,1.59908690726216e-154
"2844","slope","Suburban",-0.0422644742552315,-0.0470011591084566,-0.0375277894020063,7.30229953326284e-68
"2845","slope","Urban",-0.0307726418677737,-0.0366696741427546,-0.0248756095927929,1.75671361460686e-24
"2846","slope","Natural",-0.0678673630102849,-0.0728694871975746,-0.0628652388229951,1.5589904406141e-152
"2847","slope","Suburban",-0.0424899268521946,-0.0472274192992526,-0.0377524344051367,1.53655441725582e-68
"2848","slope","Urban",-0.0277825953695327,-0.0337166439596664,-0.021848546779399,4.95925877708512e-20
"2849","slope","Natural",-0.0688843749187151,-0.073916550058592,-0.0638521997788382,3.57247924058226e-155
"2850","slope","Suburban",-0.0435501522302637,-0.0483143363503392,-0.0387859681101882,4.22097299724872e-71
"2851","slope","Urban",-0.0275453065629167,-0.0334465507515835,-0.02164406237425,6.40851119824083e-20
"2852","slope","Natural",-0.0671503824927103,-0.0721546103028051,-0.0621461546826155,2.57886381210533e-149
"2853","slope","Suburban",-0.0433015797211735,-0.0480413848741669,-0.0385617745681801,5.09033002539214e-71
"2854","slope","Urban",-0.0299836484378466,-0.0358940711603397,-0.0240732257153536,3.1366193136062e-23
"2855","slope","Natural",-0.0667369650131737,-0.0717486960608852,-0.0617252339654622,4.0628887962111e-147
"2856","slope","Suburban",-0.0423349363223201,-0.0470797996145839,-0.0375900730300563,7.43331989315794e-68
"2857","slope","Urban",-0.0282352196464455,-0.0341351569843518,-0.0223352823085393,7.42599452022913e-21
"2858","slope","Natural",-0.0669364452924695,-0.0719419544333929,-0.0619309361515461,2.52736994989547e-148
"2859","slope","Suburban",-0.0420130424179362,-0.0467516352461271,-0.0372744495897454,4.91289297184555e-67
"2860","slope","Urban",-0.0255895401716033,-0.0315092798304875,-0.0196698005127191,2.5948897312043e-17
"2861","slope","Natural",-0.0677163878947073,-0.0727365378012505,-0.0626962379881642,7.92903224211707e-151
"2862","slope","Suburban",-0.0418020910686141,-0.0465572844042939,-0.0370468977329343,6.08273926262651e-66
"2863","slope","Urban",-0.0294946260244556,-0.0354037624065907,-0.0235854896423205,1.53039815943243e-22
"2864","slope","Natural",-0.067558478138543,-0.0725681935151364,-0.0625487627619496,9.39724135104068e-151
"2865","slope","Suburban",-0.042129298368227,-0.0468735024405774,-0.0373850942958766,3.06844533357355e-67
"2866","slope","Urban",-0.029355664746299,-0.0352660006580593,-0.0234453288345386,2.45155249852805e-22
"2867","slope","Natural",-0.0682865548904723,-0.0733002152223556,-0.0632728945585889,1.13026796050048e-153
"2868","slope","Suburban",-0.0419185859386827,-0.046664717362249,-0.0371724545151165,1.53297349970823e-66
"2869","slope","Urban",-0.0268659755957342,-0.0327469367906579,-0.0209850144008106,3.78440398143276e-19
"2870","slope","Natural",-0.0677887898811134,-0.0727766046771296,-0.0628009750850973,4.88769714272014e-153
"2871","slope","Suburban",-0.0410695241445763,-0.0457913067841963,-0.0363477415049563,1.31921119658855e-64
"2872","slope","Urban",-0.0294787535145976,-0.0353877369607659,-0.0235697700684292,1.60764124816518e-22
"2873","slope","Natural",-0.0676737865710161,-0.072685063052754,-0.0626625100892782,3.68782639079358e-151
"2874","slope","Suburban",-0.0435650077894216,-0.0483101705324319,-0.0388198450464113,1.06552186743221e-71
"2875","slope","Urban",-0.0286726179469391,-0.0345909000774685,-0.0227543358164096,2.47496092959162e-21
"2876","slope","Natural",-0.0689662213395603,-0.073983502580213,-0.0639489400989076,2.01342696433551e-156
"2877","slope","Suburban",-0.0431414657671225,-0.0478929828809723,-0.0383899486532727,3.5243629964201e-70
"2878","slope","Urban",-0.0314852575590692,-0.0373996383604573,-0.025570876757681,2.07626500570499e-25
"2879","slope","Natural",-0.0676326125098894,-0.0726478968171286,-0.0626173282026502,9.48761598589146e-151
"2880","slope","Suburban",-0.0406335558904054,-0.0453835138215138,-0.0358835979592969,1.42875581626837e-62
"2881","slope","Urban",-0.0290202153743069,-0.0349036785364255,-0.0231367522121883,4.72332516193867e-22
"2882","slope","Natural",-0.0682748227065334,-0.0732646434501872,-0.0632850019628797,4.82568034609887e-155
"2883","slope","Suburban",-0.0427603820836559,-0.0474856236303361,-0.0380351405369756,9.90514642300912e-70
"2884","slope","Urban",-0.0294381357538765,-0.0353510739219307,-0.0235251975858224,1.95623035511587e-22
"2885","slope","Natural",-0.0675601108093398,-0.0725726029497661,-0.0625476186689135,1.34045207861696e-150
"2886","slope","Suburban",-0.0413448155941573,-0.0460929559891272,-0.0365966751991873,9.58429001155801e-65
"2887","slope","Urban",-0.0293549864142352,-0.0352661295451553,-0.0234438432833151,2.48909725984792e-22
"2888","slope","Natural",-0.0684010795778182,-0.0734130767091098,-0.0633890824465267,2.85901294458961e-154
"2889","slope","Suburban",-0.0401755725855648,-0.044923532251229,-0.0354276129199006,2.85388043141711e-61
"2890","slope","Urban",-0.0293334125685243,-0.0352484659667932,-0.0234183591702554,2.84235218651681e-22
"2891","slope","Natural",-0.0683082257603339,-0.0733237536907979,-0.06329269782987,1.17311999071038e-153
"2892","slope","Suburban",-0.0420910721068042,-0.0468428762845222,-0.0373392679290862,6.47345746996579e-67
"2893","slope","Urban",-0.0287563838948358,-0.0346785792059465,-0.0228341885837252,2.01626399128837e-21
"2894","slope","Natural",-0.0689487583121341,-0.0739704364952345,-0.0639270801290337,4.41215692819875e-156
"2895","slope","Suburban",-0.0426683815802789,-0.0474212145568923,-0.0379155486036654,1.14771343377648e-68
"2896","slope","Urban",-0.0308326738759788,-0.0367436225895907,-0.0249217251623668,1.83355430457715e-24
"2897","slope","Natural",-0.0685257184710548,-0.0735378105238199,-0.0635136264182896,8.2895541605822e-155
"2898","slope","Suburban",-0.0421087412756444,-0.0468544875314775,-0.0373629950198114,3.91039783603014e-67
"2899","slope","Urban",-0.0304884977054921,-0.0363920572206861,-0.0245849381902982,5.16418140724061e-24
"2900","slope","Natural",-0.0687009189513035,-0.0737086793954545,-0.0636931585071524,7.81802349912655e-156
"2901","slope","Suburban",-0.0418805107342869,-0.0466218813453289,-0.0371391401232448,1.49050881318387e-66
"2902","slope","Urban",-0.02670803108458,-0.0326047082793846,-0.0208113538897754,7.51401390718017e-19
"2903","slope","Natural",-0.0685664051149259,-0.0735664746712248,-0.063566335558627,1.04837320043238e-155
"2904","slope","Suburban",-0.0427919411617167,-0.0475243996239892,-0.0380594826994442,1.26405982998686e-69
"2905","slope","Urban",-0.0333304847146596,-0.0392571186383338,-0.0274038507909853,3.71944258460352e-28
"2906","slope","Natural",-0.0670388036134738,-0.0720651755860234,-0.0620124316409241,1.42760896093957e-147
"2907","slope","Suburban",-0.041728616921244,-0.0464861738167023,-0.0369710600257858,1.17496825082679e-65
"2908","slope","Urban",-0.0305743026133236,-0.0364838643682864,-0.0246647408583608,4.29302806778328e-24
"2909","slope","Natural",-0.0674686344519811,-0.0724796309782523,-0.0624576379257099,2.71947055158637e-150
"2910","slope","Suburban",-0.0432138608474142,-0.0479592251126865,-0.0384684965821418,1.39215829720466e-70
"2911","slope","Urban",-0.0309859985247828,-0.0368880940586283,-0.0250839029909374,9.27508772880747e-25
"2912","slope","Natural",-0.0678406952556985,-0.072847456841822,-0.0628339336695751,3.81025780318329e-152
"2913","slope","Suburban",-0.0417630841792832,-0.0465033986400863,-0.03702276971848,3.19122736436368e-66
"2914","slope","Urban",-0.0267401246267968,-0.0326680711717557,-0.020812178081838,1.03819951444559e-18
"2915","slope","Natural",-0.0693064055532517,-0.0743324345793288,-0.0642803765271746,2.19254316942179e-157
"2916","slope","Suburban",-0.0423654443014996,-0.0471254467474855,-0.0376054418555137,1.55890990826119e-67
"2917","slope","Urban",-0.0307887136534043,-0.0366898224470405,-0.0248876048597681,1.78811770207165e-24
"2918","slope","Natural",-0.0684609833785318,-0.0734668415181265,-0.0634551252389371,6.7451154387754e-155
"2919","slope","Suburban",-0.0429403335313448,-0.0476793954730733,-0.0382012715896163,6.66342008361406e-70
"2920","slope","Urban",-0.0290606357204295,-0.0349581132641783,-0.0231631581766808,5.18172770755338e-22
"2921","slope","Natural",-0.0675476885919683,-0.0725504393497043,-0.0625449378342324,4.11295066250109e-151
"2922","slope","Suburban",-0.0438081936502137,-0.0485437972223548,-0.0390725900780727,9.35625160257115e-73
"2923","slope","Urban",-0.0288496729425513,-0.0347793785124761,-0.0229199673726265,1.68436207011385e-21
"2924","slope","Natural",-0.0671621591512782,-0.0721906965041848,-0.0621336217983716,5.66111771338351e-148
"2925","slope","Suburban",-0.0417077862104762,-0.0464696515525769,-0.0369459208683755,1.76784748216059e-65
"2926","slope","Urban",-0.0283584049737857,-0.0342707433812661,-0.0224460665663054,6.08069400952974e-21
"2927","slope","Natural",-0.0685820374766092,-0.0735962163510172,-0.0635678586022011,6.26789223592435e-155
"2928","slope","Suburban",-0.0418570362277832,-0.0466072902412701,-0.0371067822142963,3.0514022741278e-66
"2929","slope","Urban",-0.0318670265544988,-0.0377653896065697,-0.025968663502428,4.04850787294646e-26
"2930","slope","Natural",-0.0684023761847838,-0.0734051940404055,-0.063399558329162,8.0024727376249e-155
"2931","slope","Suburban",-0.0430242366121465,-0.0477592788187021,-0.0382891944055909,2.78718619491795e-70
"2932","slope","Urban",-0.0320173505946483,-0.0379380821390734,-0.0260966190502232,3.65026183782446e-26
"2933","slope","Natural",-0.0686403671956795,-0.0736602259683824,-0.0636205084229767,7.61500271048104e-155
"2934","slope","Suburban",-0.0431585816188688,-0.047911252497966,-0.0384059107397717,3.35936006062118e-70
"2935","slope","Urban",-0.0283792998390056,-0.0342902588311378,-0.0224683408468734,5.57805806002202e-21
"2936","slope","Natural",-0.0679181576348848,-0.0729308328344109,-0.0629054824353587,3.91458760272006e-152
"2937","slope","Suburban",-0.0432708478264544,-0.0480188328829801,-0.0385228627699288,1.09494449408894e-70
"2938","slope","Urban",-0.0303154028212015,-0.036233553800122,-0.0243972518422811,1.18710260783244e-23
"2939","slope","Natural",-0.0688565813207511,-0.073873786354825,-0.0638393762866771,6.01458199179982e-156
"2940","slope","Suburban",-0.0433921726475782,-0.0481434455067557,-0.0386408997884006,5.64287468934467e-71
"2941","slope","Urban",-0.0291550590185404,-0.0350707612670024,-0.0232393567700785,5.10534278531857e-22
"2942","slope","Natural",-0.0673411860193578,-0.0723574229406539,-0.0623249490980618,1.92531673698541e-149
"2943","slope","Suburban",-0.0428070785150571,-0.0475566362008839,-0.0380575208292303,3.44379564117449e-69
"2944","slope","Urban",-0.0316786989248041,-0.0376095696670085,-0.0257478281825997,1.44022471983156e-25
"2945","slope","Natural",-0.0687223513354547,-0.0737513400939403,-0.063693362576969,1.16891990523552e-154
"2946","slope","Suburban",-0.0424408544310715,-0.0472038694745667,-0.0376778393875764,1.10537697823689e-67
"2947","slope","Urban",-0.0281086516459813,-0.0340117017178369,-0.0222056015741257,1.15537544953384e-20
"2948","slope","Natural",-0.0671833770660482,-0.0721892601565328,-0.0621774939755635,2.3180381645474e-149
"2949","slope","Suburban",-0.0409602076907787,-0.0457024093471918,-0.0362180060343656,9.61304498735187e-64
"2950","slope","Urban",-0.0289825618582603,-0.0348937474966486,-0.0230713762198719,8.26951048683778e-22
"2951","slope","Natural",-0.0679098037474689,-0.0729222545021323,-0.0628973529928055,4.12736115948915e-152
"2952","slope","Suburban",-0.0441296332333017,-0.0488738833088825,-0.0393853831577208,1.57372060840214e-73
"2953","slope","Urban",-0.0311922227755173,-0.0370999576813594,-0.0252844878696753,5.0583832569144e-25
"2954","slope","Natural",-0.0685764185615129,-0.0735868702012889,-0.063565966921737,3.97398879329825e-155
"2955","slope","Suburban",-0.0435179828223553,-0.0482615331734201,-0.0387744324712905,1.34847017517157e-71
"2956","slope","Urban",-0.0283796197128714,-0.0342925669071051,-0.0224666725186377,5.74177329904815e-21
"2957","slope","Natural",-0.0679983454191626,-0.0730125696999542,-0.062984121138371,2.16939333127814e-152
"2958","slope","Suburban",-0.0439185174458794,-0.0486645754575197,-0.039172459434239,8.4632810990868e-73
"2959","slope","Urban",-0.0261716302173102,-0.032061262907547,-0.0202819975270734,3.32729873322596e-18
"2960","slope","Natural",-0.0672162294435829,-0.0722122036672158,-0.06222025521995,4.47540507481255e-150
"2961","slope","Suburban",-0.0419610045405173,-0.0466926096010434,-0.0372293994799912,4.57931485248131e-67
"2962","slope","Urban",-0.030885782895955,-0.0367777013593203,-0.0249938644325897,1.08896239462042e-24
"2963","slope","Natural",-0.0679414543659636,-0.0729376709037721,-0.0629452378281552,3.32329711456862e-153
"2964","slope","Suburban",-0.0418190621286555,-0.0465490557818431,-0.0370890684754678,1.13097710932338e-66
"2965","slope","Urban",-0.0287599133863348,-0.0346588572973811,-0.0228609694752885,1.39153215191808e-21
"2966","slope","Natural",-0.0679404729247411,-0.0729423226878731,-0.062938623161609,7.22960147885313e-153
"2967","slope","Suburban",-0.0428694860122631,-0.0476061388968111,-0.038132833127715,9.49613736387893e-70
"2968","slope","Urban",-0.0251202852446738,-0.0310132981869804,-0.0192272723023673,7.04781797640472e-17
"2969","slope","Natural",-0.0685866535359434,-0.0735845251174998,-0.0635887819543869,6.30047240636351e-156
"2970","slope","Suburban",-0.0428740941436467,-0.0476090562404177,-0.0381391320468756,8.2234453869763e-70
"2971","slope","Urban",-0.0283402611086049,-0.0342407969775659,-0.0224397252396439,5.38837651095724e-21
"2972","slope","Natural",-0.0673595598861253,-0.0723638630358847,-0.0623552567363659,3.28205336433131e-150
"2973","slope","Suburban",-0.041601571314397,-0.0463394299062612,-0.0368637127225329,8.52747137811967e-66
"2974","slope","Urban",-0.0277186437134751,-0.0336456425634538,-0.0217916448634963,5.45055382763891e-20
"2975","slope","Natural",-0.0683748370171527,-0.073399958498096,-0.0633497155362093,2.22404967811283e-153
"2976","slope","Suburban",-0.0414345148274305,-0.0461953139224065,-0.0366737157324545,1.10489335704203e-64
"2977","slope","Urban",-0.0294671156056956,-0.0353706382732337,-0.0235635929381576,1.52785582417294e-22
"2978","slope","Natural",-0.067316763748405,-0.0723238167810019,-0.062309710715808,7.23414674919049e-150
"2979","slope","Suburban",-0.0428007991179721,-0.0475423329949065,-0.0380592652410377,2.14156699410896e-69
"2980","slope","Urban",-0.0272103907623364,-0.0331202980637792,-0.0213004834608937,2.00135864161275e-19
"2981","slope","Natural",-0.0694396983379729,-0.0744514249786018,-0.0644279716973439,7.65959083564706e-159
"2982","slope","Suburban",-0.0422627062519554,-0.0470079307831195,-0.0375174817207912,1.27068977308833e-67
"2983","slope","Urban",-0.0292732179928943,-0.0351923945245271,-0.0233540414612615,3.68778837957072e-22
"2984","slope","Natural",-0.0680901395922064,-0.0731096301223464,-0.0630706490620665,1.77176595040537e-152
"2985","slope","Suburban",-0.0424117477798559,-0.0471652424401089,-0.037658253119603,7.4445292547795e-68
"2986","slope","Urban",-0.0251098951443127,-0.0310075776612362,-0.0192122126273891,7.67214223895402e-17
"2987","slope","Natural",-0.0687034180187523,-0.0737051699706957,-0.0637016660668088,3.31460011413349e-156
"2988","slope","Suburban",-0.043053770392767,-0.0477893633650432,-0.0383181774204909,2.33288004095143e-70
"2989","slope","Urban",-0.0289886383454171,-0.0349084141649569,-0.0230688625258772,9.27894109038618e-22
"2990","slope","Natural",-0.0687804837575451,-0.073799393363912,-0.0637615741511783,1.63642345306468e-155
"2991","slope","Suburban",-0.042057987346706,-0.0468115780107297,-0.0373043966826822,9.13801307342839e-67
"2992","slope","Urban",-0.0291969724181021,-0.0351064871838086,-0.0232874576523956,4.04268713752018e-22
"2993","slope","Natural",-0.0692686768236274,-0.0742803610863002,-0.0642569925609546,4.32593512214124e-158
"2994","slope","Suburban",-0.0432423528489737,-0.0479886964960852,-0.0384960092018623,1.20781203974003e-70
"2995","slope","Urban",-0.0281027768954121,-0.034008548345319,-0.0221970054455052,1.22518398558906e-20
"2996","slope","Natural",-0.0667958780230081,-0.0718027130520307,-0.0617890429939855,1.20071557881046e-147
"2997","slope","Suburban",-0.0417649664471647,-0.0465089751130641,-0.0370209577812652,3.95877621290306e-66
"2998","slope","Urban",-0.0276678623048474,-0.0335797126463261,-0.0217560119633687,5.12598368140432e-20
"2999","slope","Natural",-0.0670902737488327,-0.0721027828537376,-0.0620777646439277,1.39612666916445e-148
"3000","slope","Suburban",-0.042216432400365,-0.0469626311830695,-0.0374702336176604,1.87646007529095e-67
